1200
5 -8 -15 5 -10 -15 4 -8 -15
4 -10 -15 4 -8 -15 5 -10 -15
5 -10 15 5 -8 15 4 -8 15
4 -8 15 4 -10 15 5 -10 15
4 -8 -15 4 -10 -15 3 -8 -15
3 -10 -15 3 -8 -15 4 -10 -15
4 -10 15 4 -8 15 3 -8 15
3 -8 15 3 -10 15 4 -10 15
3 -8 -15 3 -10 -15 2 -8 -15
2 -10 -15 2 -8 -15 3 -10 -15
3 -10 15 3 -8 15 2 -8 15
2 -8 15 2 -10 15 3 -10 15
2 -8 -15 2 -10 -15 1 -8 -15
1 -10 -15 1 -8 -15 2 -10 -15
2 -10 15 2 -8 15 1 -8 15
1 -8 15 1 -10 15 2 -10 15
1 -8 -15 1 -10 -15 0 -8 -15
0 -10 -15 0 -8 -15 1 -10 -15
1 -10 15 1 -8 15 0 -8 15
0 -8 15 0 -10 15 1 -10 15
0 -8 -15 0 -10 -15 -1 -8 -15
-1 -10 -15 -1 -8 -15 0 -10 -15
0 -10 15 0 -8 15 -1 -8 15
-1 -8 15 -1 -10 15 0 -10 15
-1 -8 -15 -1 -10 -15 -2 -8 -15
-2 -10 -15 -2 -8 -15 -1 -10 -15
-1 -10 15 -1 -8 15 -2 -8 15
-2 -8 15 -2 -10 15 -1 -10 15
-2 -8 -15 -2 -10 -15 -3 -8 -15
-3 -10 -15 -3 -8 -15 -2 -10 -15
-2 -10 15 -2 -8 15 -3 -8 15
-3 -8 15 -3 -10 15 -2 -10 15
-3 -8 -15 -3 -10 -15 -4 -8 -15
-4 -10 -15 -4 -8 -15 -3 -10 -15
-3 -10 15 -3 -8 15 -4 -8 15
-4 -8 15 -4 -10 15 -3 -10 15
-4 -8 -15 -4 -10 -15 -5 -8 -15
-5 -10 -15 -5 -8 -15 -4 -10 -15
-4 -10 15 -4 -8 15 -5 -8 15
-5 -8 15 -5 -10 15 -4 -10 15
5 -6 -15 5 -8 -15 4 -6 -15
4 -8 -15 4 -6 -15 5 -8 -15
5 -8 15 5 -6 15 4 -6 15
4 -6 15 4 -8 15 5 -8 15
4 -6 -15 4 -8 -15 3 -6 -15
3 -8 -15 3 -6 -15 4 -8 -15
4 -8 15 4 -6 15 3 -6 15
3 -6 15 3 -8 15 4 -8 15
3 -6 -15 3 -8 -15 2 -6 -15
2 -8 -15 2 -6 -15 3 -8 -15
3 -8 15 3 -6 15 2 -6 15
2 -6 15 2 -8 15 3 -8 15
2 -6 -15 2 -8 -15 1 -6 -15
1 -8 -15 1 -6 -15 2 -8 -15
2 -8 15 2 -6 15 1 -6 15
1 -6 15 1 -8 15 2 -8 15
1 -6 -15 1 -8 -15 0 -6 -15
0 -8 -15 0 -6 -15 1 -8 -15
1 -8 15 1 -6 15 0 -6 15
0 -6 15 0 -8 15 1 -8 15
0 -6 -15 0 -8 -15 -1 -6 -15
-1 -8 -15 -1 -6 -15 0 -8 -15
0 -8 15 0 -6 15 -1 -6 15
-1 -6 15 -1 -8 15 0 -8 15
-1 -6 -15 -1 -8 -15 -2 -6 -15
-2 -8 -15 -2 -6 -15 -1 -8 -15
-1 -8 15 -1 -6 15 -2 -6 15
-2 -6 15 -2 -8 15 -1 -8 15
-2 -6 -15 -2 -8 -15 -3 -6 -15
-3 -8 -15 -3 -6 -15 -2 -8 -15
-2 -8 15 -2 -6 15 -3 -6 15
-3 -6 15 -3 -8 15 -2 -8 15
-3 -6 -15 -3 -8 -15 -4 -6 -15
-4 -8 -15 -4 -6 -15 -3 -8 -15
-3 -8 15 -3 -6 15 -4 -6 15
-4 -6 15 -4 -8 15 -3 -8 15
-4 -6 -15 -4 -8 -15 -5 -6 -15
-5 -8 -15 -5 -6 -15 -4 -8 -15
-4 -8 15 -4 -6 15 -5 -6 15
-5 -6 15 -5 -8 15 -4 -8 15
5 -4 -15 5 -6 -15 4 -4 -15
4 -6 -15 4 -4 -15 5 -6 -15
5 -6 15 5 -4 15 4 -4 15
4 -4 15 4 -6 15 5 -6 15
4 -4 -15 4 -6 -15 3 -4 -15
3 -6 -15 3 -4 -15 4 -6 -15
4 -6 15 4 -4 15 3 -4 15
3 -4 15 3 -6 15 4 -6 15
3 -4 -15 3 -6 -15 2 -4 -15
2 -6 -15 2 -4 -15 3 -6 -15
3 -6 15 3 -4 15 2 -4 15
2 -4 15 2 -6 15 3 -6 15
2 -4 -15 2 -6 -15 1 -4 -15
1 -6 -15 1 -4 -15 2 -6 -15
2 -6 15 2 -4 15 1 -4 15
1 -4 15 1 -6 15 2 -6 15
1 -4 -15 1 -6 -15 0 -4 -15
0 -6 -15 0 -4 -15 1 -6 -15
1 -6 15 1 -4 15 0 -4 15
0 -4 15 0 -6 15 1 -6 15
0 -4 -15 0 -6 -15 -1 -4 -15
-1 -6 -15 -1 -4 -15 0 -6 -15
0 -6 15 0 -4 15 -1 -4 15
-1 -4 15 -1 -6 15 0 -6 15
-1 -4 -15 -1 -6 -15 -2 -4 -15
-2 -6 -15 -2 -4 -15 -1 -6 -15
-1 -6 15 -1 -4 15 -2 -4 15
-2 -4 15 -2 -6 15 -1 -6 15
-2 -4 -15 -2 -6 -15 -3 -4 -15
-3 -6 -15 -3 -4 -15 -2 -6 -15
-2 -6 15 -2 -4 15 -3 -4 15
-3 -4 15 -3 -6 15 -2 -6 15
-3 -4 -15 -3 -6 -15 -4 -4 -15
-4 -6 -15 -4 -4 -15 -3 -6 -15
-3 -6 15 -3 -4 15 -4 -4 15
-4 -4 15 -4 -6 15 -3 -6 15
-4 -4 -15 -4 -6 -15 -5 -4 -15
-5 -6 -15 -5 -4 -15 -4 -6 -15
-4 -6 15 -4 -4 15 -5 -4 15
-5 -4 15 -5 -6 15 -4 -6 15
5 -2 -15 5 -4 -15 4 -2 -15
4 -4 -15 4 -2 -15 5 -4 -15
5 -4 15 5 -2 15 4 -2 15
4 -2 15 4 -4 15 5 -4 15
4 -2 -15 4 -4 -15 3 -2 -15
3 -4 -15 3 -2 -15 4 -4 -15
4 -4 15 4 -2 15 3 -2 15
3 -2 15 3 -4 15 4 -4 15
3 -2 -15 3 -4 -15 2 -2 -15
2 -4 -15 2 -2 -15 3 -4 -15
3 -4 15 3 -2 15 2 -2 15
2 -2 15 2 -4 15 3 -4 15
2 -2 -15 2 -4 -15 1 -2 -15
1 -4 -15 1 -2 -15 2 -4 -15
2 -4 15 2 -2 15 1 -2 15
1 -2 15 1 -4 15 2 -4 15
1 -2 -15 1 -4 -15 0 -2 -15
0 -4 -15 0 -2 -15 1 -4 -15
1 -4 15 1 -2 15 0 -2 15
0 -2 15 0 -4 15 1 -4 15
0 -2 -15 0 -4 -15 -1 -2 -15
-1 -4 -15 -1 -2 -15 0 -4 -15
0 -4 15 0 -2 15 -1 -2 15
-1 -2 15 -1 -4 15 0 -4 15
-1 -2 -15 -1 -4 -15 -2 -2 -15
-2 -4 -15 -2 -2 -15 -1 -4 -15
-1 -4 15 -1 -2 15 -2 -2 15
-2 -2 15 -2 -4 15 -1 -4 15
-2 -2 -15 -2 -4 -15 -3 -2 -15
-3 -4 -15 -3 -2 -15 -2 -4 -15
-2 -4 15 -2 -2 15 -3 -2 15
-3 -2 15 -3 -4 15 -2 -4 15
-3 -2 -15 -3 -4 -15 -4 -2 -15
-4 -4 -15 -4 -2 -15 -3 -4 -15
-3 -4 15 -3 -2 15 -4 -2 15
-4 -2 15 -4 -4 15 -3 -4 15
-4 -2 -15 -4 -4 -15 -5 -2 -15
-5 -4 -15 -5 -2 -15 -4 -4 -15
-4 -4 15 -4 -2 15 -5 -2 15
-5 -2 15 -5 -4 15 -4 -4 15
5 0 -15 5 -2 -15 4 0 -15
4 -2 -15 4 0 -15 5 -2 -15
5 -2 15 5 0 15 4 0 15
4 0 15 4 -2 15 5 -2 15
4 0 -15 4 -2 -15 3 0 -15
3 -2 -15 3 0 -15 4 -2 -15
4 -2 15 4 0 15 3 0 15
3 0 15 3 -2 15 4 -2 15
3 0 -15 3 -2 -15 2 0 -15
2 -2 -15 2 0 -15 3 -2 -15
3 -2 15 3 0 15 2 0 15
2 0 15 2 -2 15 3 -2 15
2 0 -15 2 -2 -15 1 0 -15
1 -2 -15 1 0 -15 2 -2 -15
2 -2 15 2 0 15 1 0 15
1 0 15 1 -2 15 2 -2 15
1 0 -15 1 -2 -15 0 0 -15
0 -2 -15 0 0 -15 1 -2 -15
1 -2 15 1 0 15 0 0 15
0 0 15 0 -2 15 1 -2 15
0 0 -15 0 -2 -15 -1 0 -15
-1 -2 -15 -1 0 -15 0 -2 -15
0 -2 15 0 0 15 -1 0 15
-1 0 15 -1 -2 15 0 -2 15
-1 0 -15 -1 -2 -15 -2 0 -15
-2 -2 -15 -2 0 -15 -1 -2 -15
-1 -2 15 -1 0 15 -2 0 15
-2 0 15 -2 -2 15 -1 -2 15
-2 0 -15 -2 -2 -15 -3 0 -15
-3 -2 -15 -3 0 -15 -2 -2 -15
-2 -2 15 -2 0 15 -3 0 15
-3 0 15 -3 -2 15 -2 -2 15
-3 0 -15 -3 -2 -15 -4 0 -15
-4 -2 -15 -4 0 -15 -3 -2 -15
-3 -2 15 -3 0 15 -4 0 15
-4 0 15 -4 -2 15 -3 -2 15
-4 0 -15 -4 -2 -15 -5 0 -15
-5 -2 -15 -5 0 -15 -4 -2 -15
-4 -2 15 -4 0 15 -5 0 15
-5 0 15 -5 -2 15 -4 -2 15
5 2 -15 5 0 -15 4 2 -15
4 0 -15 4 2 -15 5 0 -15
5 0 15 5 2 15 4 2 15
4 2 15 4 0 15 5 0 15
4 2 -15 4 0 -15 3 2 -15
3 0 -15 3 2 -15 4 0 -15
4 0 15 4 2 15 3 2 15
3 2 15 3 0 15 4 0 15
3 2 -15 3 0 -15 2 2 -15
2 0 -15 2 2 -15 3 0 -15
3 0 15 3 2 15 2 2 15
2 2 15 2 0 15 3 0 15
2 2 -15 2 0 -15 1 2 -15
1 0 -15 1 2 -15 2 0 -15
2 0 15 2 2 15 1 2 15
1 2 15 1 0 15 2 0 15
1 2 -15 1 0 -15 0 2 -15
0 0 -15 0 2 -15 1 0 -15
1 0 15 1 2 15 0 2 15
0 2 15 0 0 15 1 0 15
0 2 -15 0 0 -15 -1 2 -15
-1 0 -15 -1 2 -15 0 0 -15
0 0 15 0 2 15 -1 2 15
-1 2 15 -1 0 15 0 0 15
-1 2 -15 -1 0 -15 -2 2 -15
-2 0 -15 -2 2 -15 -1 0 -15
-1 0 15 -1 2 15 -2 2 15
-2 2 15 -2 0 15 -1 0 15
-2 2 -15 -2 0 -15 -3 2 -15
-3 0 -15 -3 2 -15 -2 0 -15
-2 0 15 -2 2 15 -3 2 15
-3 2 15 -3 0 15 -2 0 15
-3 2 -15 -3 0 -15 -4 2 -15
-4 0 -15 -4 2 -15 -3 0 -15
-3 0 15 -3 2 15 -4 2 15
-4 2 15 -4 0 15 -3 0 15
-4 2 -15 -4 0 -15 -5 2 -15
-5 0 -15 -5 2 -15 -4 0 -15
-4 0 15 -4 2 15 -5 2 15
-5 2 15 -5 0 15 -4 0 15
5 4 -15 5 2 -15 4 4 -15
4 2 -15 4 4 -15 5 2 -15
5 2 15 5 4 15 4 4 15
4 4 15 4 2 15 5 2 15
4 4 -15 4 2 -15 3 4 -15
3 2 -15 3 4 -15 4 2 -15
4 2 15 4 4 15 3 4 15
3 4 15 3 2 15 4 2 15
3 4 -15 3 2 -15 2 4 -15
2 2 -15 2 4 -15 3 2 -15
3 2 15 3 4 15 2 4 15
2 4 15 2 2 15 3 2 15
2 4 -15 2 2 -15 1 4 -15
1 2 -15 1 4 -15 2 2 -15
2 2 15 2 4 15 1 4 15
1 4 15 1 2 15 2 2 15
1 4 -15 1 2 -15 0 4 -15
0 2 -15 0 4 -15 1 2 -15
1 2 15 1 4 15 0 4 15
0 4 15 0 2 15 1 2 15
0 4 -15 0 2 -15 -1 4 -15
-1 2 -15 -1 4 -15 0 2 -15
0 2 15 0 4 15 -1 4 15
-1 4 15 -1 2 15 0 2 15
-1 4 -15 -1 2 -15 -2 4 -15
-2 2 -15 -2 4 -15 -1 2 -15
-1 2 15 -1 4 15 -2 4 15
-2 4 15 -2 2 15 -1 2 15
-2 4 -15 -2 2 -15 -3 4 -15
-3 2 -15 -3 4 -15 -2 2 -15
-2 2 15 -2 4 15 -3 4 15
-3 4 15 -3 2 15 -2 2 15
-3 4 -15 -3 2 -15 -4 4 -15
-4 2 -15 -4 4 -15 -3 2 -15
-3 2 15 -3 4 15 -4 4 15
-4 4 15 -4 2 15 -3 2 15
-4 4 -15 -4 2 -15 -5 4 -15
-5 2 -15 -5 4 -15 -4 2 -15
-4 2 15 -4 4 15 -5 4 15
-5 4 15 -5 2 15 -4 2 15
5 6 -15 5 4 -15 4 6 -15
4 4 -15 4 6 -15 5 4 -15
5 4 15 5 6 15 4 6 15
4 6 15 4 4 15 5 4 15
4 6 -15 4 4 -15 3 6 -15
3 4 -15 3 6 -15 4 4 -15
4 4 15 4 6 15 3 6 15
3 6 15 3 4 15 4 4 15
3 6 -15 3 4 -15 2 6 -15
2 4 -15 2 6 -15 3 4 -15
3 4 15 3 6 15 2 6 15
2 6 15 2 4 15 3 4 15
2 6 -15 2 4 -15 1 6 -15
1 4 -15 1 6 -15 2 4 -15
2 4 15 2 6 15 1 6 15
1 6 15 1 4 15 2 4 15
1 6 -15 1 4 -15 0 6 -15
0 4 -15 0 6 -15 1 4 -15
1 4 15 1 6 15 0 6 15
0 6 15 0 4 15 1 4 15
0 6 -15 0 4 -15 -1 6 -15
-1 4 -15 -1 6 -15 0 4 -15
0 4 15 0 6 15 -1 6 15
-1 6 15 -1 4 15 0 4 15
-1 6 -15 -1 4 -15 -2 6 -15
-2 4 -15 -2 6 -15 -1 4 -15
-1 4 15 -1 6 15 -2 6 15
-2 6 15 -2 4 15 -1 4 15
-2 6 -15 -2 4 -15 -3 6 -15
-3 4 -15 -3 6 -15 -2 4 -15
-2 4 15 -2 6 15 -3 6 15
-3 6 15 -3 4 15 -2 4 15
-3 6 -15 -3 4 -15 -4 6 -15
-4 4 -15 -4 6 -15 -3 4 -15
-3 4 15 -3 6 15 -4 6 15
-4 6 15 -4 4 15 -3 4 15
-4 6 -15 -4 4 -15 -5 6 -15
-5 4 -15 -5 6 -15 -4 4 -15
-4 4 15 -4 6 15 -5 6 15
-5 6 15 -5 4 15 -4 4 15
5 8 -15 5 6 -15 4 8 -15
4 6 -15 4 8 -15 5 6 -15
5 6 15 5 8 15 4 8 15
4 8 15 4 6 15 5 6 15
4 8 -15 4 6 -15 3 8 -15
3 6 -15 3 8 -15 4 6 -15
4 6 15 4 8 15 3 8 15
3 8 15 3 6 15 4 6 15
3 8 -15 3 6 -15 2 8 -15
2 6 -15 2 8 -15 3 6 -15
3 6 15 3 8 15 2 8 15
2 8 15 2 6 15 3 6 15
2 8 -15 2 6 -15 1 8 -15
1 6 -15 1 8 -15 2 6 -15
2 6 15 2 8 15 1 8 15
1 8 15 1 6 15 2 6 15
1 8 -15 1 6 -15 0 8 -15
0 6 -15 0 8 -15 1 6 -15
1 6 15 1 8 15 0 8 15
0 8 15 0 6 15 1 6 15
0 8 -15 0 6 -15 -1 8 -15
-1 6 -15 -1 8 -15 0 6 -15
0 6 15 0 8 15 -1 8 15
-1 8 15 -1 6 15 0 6 15
-1 8 -15 -1 6 -15 -2 8 -15
-2 6 -15 -2 8 -15 -1 6 -15
-1 6 15 -1 8 15 -2 8 15
-2 8 15 -2 6 15 -1 6 15
-2 8 -15 -2 6 -15 -3 8 -15
-3 6 -15 -3 8 -15 -2 6 -15
-2 6 15 -2 8 15 -3 8 15
-3 8 15 -3 6 15 -2 6 15
-3 8 -15 -3 6 -15 -4 8 -15
-4 6 -15 -4 8 -15 -3 6 -15
-3 6 15 -3 8 15 -4 8 15
-4 8 15 -4 6 15 -3 6 15
-4 8 -15 -4 6 -15 -5 8 -15
-5 6 -15 -5 8 -15 -4 6 -15
-4 6 15 -4 8 15 -5 8 15
-5 8 15 -5 6 15 -4 6 15
5 10 -15 5 8 -15 4 10 -15
4 8 -15 4 10 -15 5 8 -15
5 8 15 5 10 15 4 10 15
4 10 15 4 8 15 5 8 15
4 10 -15 4 8 -15 3 10 -15
3 8 -15 3 10 -15 4 8 -15
4 8 15 4 10 15 3 10 15
3 10 15 3 8 15 4 8 15
3 10 -15 3 8 -15 2 10 -15
2 8 -15 2 10 -15 3 8 -15
3 8 15 3 10 15 2 10 15
2 10 15 2 8 15 3 8 15
2 10 -15 2 8 -15 1 10 -15
1 8 -15 1 10 -15 2 8 -15
2 8 15 2 10 15 1 10 15
1 10 15 1 8 15 2 8 15
1 10 -15 1 8 -15 0 10 -15
0 8 -15 0 10 -15 1 8 -15
1 8 15 1 10 15 0 10 15
0 10 15 0 8 15 1 8 15
0 10 -15 0 8 -15 -1 10 -15
-1 8 -15 -1 10 -15 0 8 -15
0 8 15 0 10 15 -1 10 15
-1 10 15 -1 8 15 0 8 15
-1 10 -15 -1 8 -15 -2 10 -15
-2 8 -15 -2 10 -15 -1 8 -15
-1 8 15 -1 10 15 -2 10 15
-2 10 15 -2 8 15 -1 8 15
-2 10 -15 -2 8 -15 -3 10 -15
-3 8 -15 -3 10 -15 -2 8 -15
-2 8 15 -2 10 15 -3 10 15
-3 10 15 -3 8 15 -2 8 15
-3 10 -15 -3 8 -15 -4 10 -15
-4 8 -15 -4 10 -15 -3 8 -15
-3 8 15 -3 10 15 -4 10 15
-4 10 15 -4 8 15 -3 8 15
-4 10 -15 -4 8 -15 -5 10 -15
-5 8 -15 -5 10 -15 -4 8 -15
-4 8 15 -4 10 15 -5 10 15
-5 10 15 -5 8 15 -4 8 15
5 -10 12 5 -10 15 4 -10 12
4 -10 15 4 -10 12 5 -10 15
5 10 15 5 10 12 4 10 12
4 10 12 4 10 15 5 10 15
4 -10 12 4 -10 15 3 -10 12
3 -10 15 3 -10 12 4 -10 15
4 10 15 4 10 12 3 10 12
3 10 12 3 10 15 4 10 15
3 -10 12 3 -10 15 2 -10 12
2 -10 15 2 -10 12 3 -10 15
3 10 15 3 10 12 2 10 12
2 10 12 2 10 15 3 10 15
2 -10 12 2 -10 15 1 -10 12
1 -10 15 1 -10 12 2 -10 15
2 10 15 2 10 12 1 10 12
1 10 12 1 10 15 2 10 15
1 -10 12 1 -10 15 0 -10 12
0 -10 15 0 -10 12 1 -10 15
1 10 15 1 10 12 0 10 12
0 10 12 0 10 15 1 10 15
0 -10 12 0 -10 15 -1 -10 12
-1 -10 15 -1 -10 12 0 -10 15
0 10 15 0 10 12 -1 10 12
-1 10 12 -1 10 15 0 10 15
-1 -10 12 -1 -10 15 -2 -10 12
-2 -10 15 -2 -10 12 -1 -10 15
-1 10 15 -1 10 12 -2 10 12
-2 10 12 -2 10 15 -1 10 15
-2 -10 12 -2 -10 15 -3 -10 12
-3 -10 15 -3 -10 12 -2 -10 15
-2 10 15 -2 10 12 -3 10 12
-3 10 12 -3 10 15 -2 10 15
-3 -10 12 -3 -10 15 -4 -10 12
-4 -10 15 -4 -10 12 -3 -10 15
-3 10 15 -3 10 12 -4 10 12
-4 10 12 -4 10 15 -3 10 15
-4 -10 12 -4 -10 15 -5 -10 12
-5 -10 15 -5 -10 12 -4 -10 15
-4 10 15 -4 10 12 -5 10 12
-5 10 12 -5 10 15 -4 10 15
5 -10 9 5 -10 12 4 -10 9
4 -10 12 4 -10 9 5 -10 12
5 10 12 5 10 9 4 10 9
4 10 9 4 10 12 5 10 12
4 -10 9 4 -10 12 3 -10 9
3 -10 12 3 -10 9 4 -10 12
4 10 12 4 10 9 3 10 9
3 10 9 3 10 12 4 10 12
3 -10 9 3 -10 12 2 -10 9
2 -10 12 2 -10 9 3 -10 12
3 10 12 3 10 9 2 10 9
2 10 9 2 10 12 3 10 12
2 -10 9 2 -10 12 1 -10 9
1 -10 12 1 -10 9 2 -10 12
2 10 12 2 10 9 1 10 9
1 10 9 1 10 12 2 10 12
1 -10 9 1 -10 12 0 -10 9
0 -10 12 0 -10 9 1 -10 12
1 10 12 1 10 9 0 10 9
0 10 9 0 10 12 1 10 12
0 -10 9 0 -10 12 -1 -10 9
-1 -10 12 -1 -10 9 0 -10 12
0 10 12 0 10 9 -1 10 9
-1 10 9 -1 10 12 0 10 12
-1 -10 9 -1 -10 12 -2 -10 9
-2 -10 12 -2 -10 9 -1 -10 12
-1 10 12 -1 10 9 -2 10 9
-2 10 9 -2 10 12 -1 10 12
-2 -10 9 -2 -10 12 -3 -10 9
-3 -10 12 -3 -10 9 -2 -10 12
-2 10 12 -2 10 9 -3 10 9
-3 10 9 -3 10 12 -2 10 12
-3 -10 9 -3 -10 12 -4 -10 9
-4 -10 12 -4 -10 9 -3 -10 12
-3 10 12 -3 10 9 -4 10 9
-4 10 9 -4 10 12 -3 10 12
-4 -10 9 -4 -10 12 -5 -10 9
-5 -10 12 -5 -10 9 -4 -10 12
-4 10 12 -4 10 9 -5 10 9
-5 10 9 -5 10 12 -4 10 12
5 -10 6 5 -10 9 4 -10 6
4 -10 9 4 -10 6 5 -10 9
5 10 9 5 10 6 4 10 6
4 10 6 4 10 9 5 10 9
4 -10 6 4 -10 9 3 -10 6
3 -10 9 3 -10 6 4 -10 9
4 10 9 4 10 6 3 10 6
3 10 6 3 10 9 4 10 9
3 -10 6 3 -10 9 2 -10 6
2 -10 9 2 -10 6 3 -10 9
3 10 9 3 10 6 2 10 6
2 10 6 2 10 9 3 10 9
2 -10 6 2 -10 9 1 -10 6
1 -10 9 1 -10 6 2 -10 9
2 10 9 2 10 6 1 10 6
1 10 6 1 10 9 2 10 9
1 -10 6 1 -10 9 0 -10 6
0 -10 9 0 -10 6 1 -10 9
1 10 9 1 10 6 0 10 6
0 10 6 0 10 9 1 10 9
0 -10 6 0 -10 9 -1 -10 6
-1 -10 9 -1 -10 6 0 -10 9
0 10 9 0 10 6 -1 10 6
-1 10 6 -1 10 9 0 10 9
-1 -10 6 -1 -10 9 -2 -10 6
-2 -10 9 -2 -10 6 -1 -10 9
-1 10 9 -1 10 6 -2 10 6
-2 10 6 -2 10 9 -1 10 9
-2 -10 6 -2 -10 9 -3 -10 6
-3 -10 9 -3 -10 6 -2 -10 9
-2 10 9 -2 10 6 -3 10 6
-3 10 6 -3 10 9 -2 10 9
-3 -10 6 -3 -10 9 -4 -10 6
-4 -10 9 -4 -10 6 -3 -10 9
-3 10 9 -3 10 6 -4 10 6
-4 10 6 -4 10 9 -3 10 9
-4 -10 6 -4 -10 9 -5 -10 6
-5 -10 9 -5 -10 6 -4 -10 9
-4 10 9 -4 10 6 -5 10 6
-5 10 6 -5 10 9 -4 10 9
5 -10 3 5 -10 6 4 -10 3
4 -10 6 4 -10 3 5 -10 6
5 10 6 5 10 3 4 10 3
4 10 3 4 10 6 5 10 6
4 -10 3 4 -10 6 3 -10 3
3 -10 6 3 -10 3 4 -10 6
4 10 6 4 10 3 3 10 3
3 10 3 3 10 6 4 10 6
3 -10 3 3 -10 6 2 -10 3
2 -10 6 2 -10 3 3 -10 6
3 10 6 3 10 3 2 10 3
2 10 3 2 10 6 3 10 6
2 -10 3 2 -10 6 1 -10 3
1 -10 6 1 -10 3 2 -10 6
2 10 6 2 10 3 1 10 3
1 10 3 1 10 6 2 10 6
1 -10 3 1 -10 6 0 -10 3
0 -10 6 0 -10 3 1 -10 6
1 10 6 1 10 3 0 10 3
0 10 3 0 10 6 1 10 6
0 -10 3 0 -10 6 -1 -10 3
-1 -10 6 -1 -10 3 0 -10 6
0 10 6 0 10 3 -1 10 3
-1 10 3 -1 10 6 0 10 6
-1 -10 3 -1 -10 6 -2 -10 3
-2 -10 6 -2 -10 3 -1 -10 6
-1 10 6 -1 10 3 -2 10 3
-2 10 3 -2 10 6 -1 10 6
-2 -10 3 -2 -10 6 -3 -10 3
-3 -10 6 -3 -10 3 -2 -10 6
-2 10 6 -2 10 3 -3 10 3
-3 10 3 -3 10 6 -2 10 6
-3 -10 3 -3 -10 6 -4 -10 3
-4 -10 6 -4 -10 3 -3 -10 6
-3 10 6 -3 10 3 -4 10 3
-4 10 3 -4 10 6 -3 10 6
-4 -10 3 -4 -10 6 -5 -10 3
-5 -10 6 -5 -10 3 -4 -10 6
-4 10 6 -4 10 3 -5 10 3
-5 10 3 -5 10 6 -4 10 6
5 -10 0 5 -10 3 4 -10 0
4 -10 3 4 -10 0 5 -10 3
5 10 3 5 10 0 4 10 0
4 10 0 4 10 3 5 10 3
4 -10 0 4 -10 3 3 -10 0
3 -10 3 3 -10 0 4 -10 3
4 10 3 4 10 0 3 10 0
3 10 0 3 10 3 4 10 3
3 -10 0 3 -10 3 2 -10 0
2 -10 3 2 -10 0 3 -10 3
3 10 3 3 10 0 2 10 0
2 10 0 2 10 3 3 10 3
2 -10 0 2 -10 3 1 -10 0
1 -10 3 1 -10 0 2 -10 3
2 10 3 2 10 0 1 10 0
1 10 0 1 10 3 2 10 3
1 -10 0 1 -10 3 0 -10 0
0 -10 3 0 -10 0 1 -10 3
1 10 3 1 10 0 0 10 0
0 10 0 0 10 3 1 10 3
0 -10 0 0 -10 3 -1 -10 0
-1 -10 3 -1 -10 0 0 -10 3
0 10 3 0 10 0 -1 10 0
-1 10 0 -1 10 3 0 10 3
-1 -10 0 -1 -10 3 -2 -10 0
-2 -10 3 -2 -10 0 -1 -10 3
-1 10 3 -1 10 0 -2 10 0
-2 10 0 -2 10 3 -1 10 3
-2 -10 0 -2 -10 3 -3 -10 0
-3 -10 3 -3 -10 0 -2 -10 3
-2 10 3 -2 10 0 -3 10 0
-3 10 0 -3 10 3 -2 10 3
-3 -10 0 -3 -10 3 -4 -10 0
-4 -10 3 -4 -10 0 -3 -10 3
-3 10 3 -3 10 0 -4 10 0
-4 10 0 -4 10 3 -3 10 3
-4 -10 0 -4 -10 3 -5 -10 0
-5 -10 3 -5 -10 0 -4 -10 3
-4 10 3 -4 10 0 -5 10 0
-5 10 0 -5 10 3 -4 10 3
5 -10 -3 5 -10 0 4 -10 -3
4 -10 0 4 -10 -3 5 -10 0
5 10 0 5 10 -3 4 10 -3
4 10 -3 4 10 0 5 10 0
4 -10 -3 4 -10 0 3 -10 -3
3 -10 0 3 -10 -3 4 -10 0
4 10 0 4 10 -3 3 10 -3
3 10 -3 3 10 0 4 10 0
3 -10 -3 3 -10 0 2 -10 -3
2 -10 0 2 -10 -3 3 -10 0
3 10 0 3 10 -3 2 10 -3
2 10 -3 2 10 0 3 10 0
2 -10 -3 2 -10 0 1 -10 -3
1 -10 0 1 -10 -3 2 -10 0
2 10 0 2 10 -3 1 10 -3
1 10 -3 1 10 0 2 10 0
1 -10 -3 1 -10 0 0 -10 -3
0 -10 0 0 -10 -3 1 -10 0
1 10 0 1 10 -3 0 10 -3
0 10 -3 0 10 0 1 10 0
0 -10 -3 0 -10 0 -1 -10 -3
-1 -10 0 -1 -10 -3 0 -10 0
0 10 0 0 10 -3 -1 10 -3
-1 10 -3 -1 10 0 0 10 0
-1 -10 -3 -1 -10 0 -2 -10 -3
-2 -10 0 -2 -10 -3 -1 -10 0
-1 10 0 -1 10 -3 -2 10 -3
-2 10 -3 -2 10 0 -1 10 0
-2 -10 -3 -2 -10 0 -3 -10 -3
-3 -10 0 -3 -10 -3 -2 -10 0
-2 10 0 -2 10 -3 -3 10 -3
-3 10 -3 -3 10 0 -2 10 0
-3 -10 -3 -3 -10 0 -4 -10 -3
-4 -10 0 -4 -10 -3 -3 -10 0
-3 10 0 -3 10 -3 -4 10 -3
-4 10 -3 -4 10 0 -3 10 0
-4 -10 -3 -4 -10 0 -5 -10 -3
-5 -10 0 -5 -10 -3 -4 -10 0
-4 10 0 -4 10 -3 -5 10 -3
-5 10 -3 -5 10 0 -4 10 0
5 -10 -6 5 -10 -3 4 -10 -6
4 -10 -3 4 -10 -6 5 -10 -3
5 10 -3 5 10 -6 4 10 -6
4 10 -6 4 10 -3 5 10 -3
4 -10 -6 4 -10 -3 3 -10 -6
3 -10 -3 3 -10 -6 4 -10 -3
4 10 -3 4 10 -6 3 10 -6
3 10 -6 3 10 -3 4 10 -3
3 -10 -6 3 -10 -3 2 -10 -6
2 -10 -3 2 -10 -6 3 -10 -3
3 10 -3 3 10 -6 2 10 -6
2 10 -6 2 10 -3 3 10 -3
2 -10 -6 2 -10 -3 1 -10 -6
1 -10 -3 1 -10 -6 2 -10 -3
2 10 -3 2 10 -6 1 10 -6
1 10 -6 1 10 -3 2 10 -3
1 -10 -6 1 -10 -3 0 -10 -6
0 -10 -3 0 -10 -6 1 -10 -3
1 10 -3 1 10 -6 0 10 -6
0 10 -6 0 10 -3 1 10 -3
0 -10 -6 0 -10 -3 -1 -10 -6
-1 -10 -3 -1 -10 -6 0 -10 -3
0 10 -3 0 10 -6 -1 10 -6
-1 10 -6 -1 10 -3 0 10 -3
-1 -10 -6 -1 -10 -3 -2 -10 -6
-2 -10 -3 -2 -10 -6 -1 -10 -3
-1 10 -3 -1 10 -6 -2 10 -6
-2 10 -6 -2 10 -3 -1 10 -3
-2 -10 -6 -2 -10 -3 -3 -10 -6
-3 -10 -3 -3 -10 -6 -2 -10 -3
-2 10 -3 -2 10 -6 -3 10 -6
-3 10 -6 -3 10 -3 -2 10 -3
-3 -10 -6 -3 -10 -3 -4 -10 -6
-4 -10 -3 -4 -10 -6 -3 -10 -3
-3 10 -3 -3 10 -6 -4 10 -6
-4 10 -6 -4 10 -3 -3 10 -3
-4 -10 -6 -4 -10 -3 -5 -10 -6
-5 -10 -3 -5 -10 -6 -4 -10 -3
-4 10 -3 -4 10 -6 -5 10 -6
-5 10 -6 -5 10 -3 -4 10 -3
5 -10 -9 5 -10 -6 4 -10 -9
4 -10 -6 4 -10 -9 5 -10 -6
5 10 -6 5 10 -9 4 10 -9
4 10 -9 4 10 -6 5 10 -6
4 -10 -9 4 -10 -6 3 -10 -9
3 -10 -6 3 -10 -9 4 -10 -6
4 10 -6 4 10 -9 3 10 -9
3 10 -9 3 10 -6 4 10 -6
3 -10 -9 3 -10 -6 2 -10 -9
2 -10 -6 2 -10 -9 3 -10 -6
3 10 -6 3 10 -9 2 10 -9
2 10 -9 2 10 -6 3 10 -6
2 -10 -9 2 -10 -6 1 -10 -9
1 -10 -6 1 -10 -9 2 -10 -6
2 10 -6 2 10 -9 1 10 -9
1 10 -9 1 10 -6 2 10 -6
1 -10 -9 1 -10 -6 0 -10 -9
0 -10 -6 0 -10 -9 1 -10 -6
1 10 -6 1 10 -9 0 10 -9
0 10 -9 0 10 -6 1 10 -6
0 -10 -9 0 -10 -6 -1 -10 -9
-1 -10 -6 -1 -10 -9 0 -10 -6
0 10 -6 0 10 -9 -1 10 -9
-1 10 -9 -1 10 -6 0 10 -6
-1 -10 -9 -1 -10 -6 -2 -10 -9
-2 -10 -6 -2 -10 -9 -1 -10 -6
-1 10 -6 -1 10 -9 -2 10 -9
-2 10 -9 -2 10 -6 -1 10 -6
-2 -10 -9 -2 -10 -6 -3 -10 -9
-3 -10 -6 -3 -10 -9 -2 -10 -6
-2 10 -6 -2 10 -9 -3 10 -9
-3 10 -9 -3 10 -6 -2 10 -6
-3 -10 -9 -3 -10 -6 -4 -10 -9
-4 -10 -6 -4 -10 -9 -3 -10 -6
-3 10 -6 -3 10 -9 -4 10 -9
-4 10 -9 -4 10 -6 -3 10 -6
-4 -10 -9 -4 -10 -6 -5 -10 -9
-5 -10 -6 -5 -10 -9 -4 -10 -6
-4 10 -6 -4 10 -9 -5 10 -9
-5 10 -9 -5 10 -6 -4 10 -6
5 -10 -12 5 -10 -9 4 -10 -12
4 -10 -9 4 -10 -12 5 -10 -9
5 10 -9 5 10 -12 4 10 -12
4 10 -12 4 10 -9 5 10 -9
4 -10 -12 4 -10 -9 3 -10 -12
3 -10 -9 3 -10 -12 4 -10 -9
4 10 -9 4 10 -12 3 10 -12
3 10 -12 3 10 -9 4 10 -9
3 -10 -12 3 -10 -9 2 -10 -12
2 -10 -9 2 -10 -12 3 -10 -9
3 10 -9 3 10 -12 2 10 -12
2 10 -12 2 10 -9 3 10 -9
2 -10 -12 2 -10 -9 1 -10 -12
1 -10 -9 1 -10 -12 2 -10 -9
2 10 -9 2 10 -12 1 10 -12
1 10 -12 1 10 -9 2 10 -9
1 -10 -12 1 -10 -9 0 -10 -12
0 -10 -9 0 -10 -12 1 -10 -9
1 10 -9 1 10 -12 0 10 -12
0 10 -12 0 10 -9 1 10 -9
0 -10 -12 0 -10 -9 -1 -10 -12
-1 -10 -9 -1 -10 -12 0 -10 -9
0 10 -9 0 10 -12 -1 10 -12
-1 10 -12 -1 10 -9 0 10 -9
-1 -10 -12 -1 -10 -9 -2 -10 -12
-2 -10 -9 -2 -10 -12 -1 -10 -9
-1 10 -9 -1 10 -12 -2 10 -12
-2 10 -12 -2 10 -9 -1 10 -9
-2 -10 -12 -2 -10 -9 -3 -10 -12
-3 -10 -9 -3 -10 -12 -2 -10 -9
-2 10 -9 -2 10 -12 -3 10 -12
-3 10 -12 -3 10 -9 -2 10 -9
-3 -10 -12 -3 -10 -9 -4 -10 -12
-4 -10 -9 -4 -10 -12 -3 -10 -9
-3 10 -9 -3 10 -12 -4 10 -12
-4 10 -12 -4 10 -9 -3 10 -9
-4 -10 -12 -4 -10 -9 -5 -10 -12
-5 -10 -9 -5 -10 -12 -4 -10 -9
-4 10 -9 -4 10 -12 -5 10 -12
-5 10 -12 -5 10 -9 -4 10 -9
5 -10 -15 5 -10 -12 4 -10 -15
4 -10 -12 4 -10 -15 5 -10 -12
5 10 -12 5 10 -15 4 10 -15
4 10 -15 4 10 -12 5 10 -12
4 -10 -15 4 -10 -12 3 -10 -15
3 -10 -12 3 -10 -15 4 -10 -12
4 10 -12 4 10 -15 3 10 -15
3 10 -15 3 10 -12 4 10 -12
3 -10 -15 3 -10 -12 2 -10 -15
2 -10 -12 2 -10 -15 3 -10 -12
3 10 -12 3 10 -15 2 10 -15
2 10 -15 2 10 -12 3 10 -12
2 -10 -15 2 -10 -12 1 -10 -15
1 -10 -12 1 -10 -15 2 -10 -12
2 10 -12 2 10 -15 1 10 -15
1 10 -15 1 10 -12 2 10 -12
1 -10 -15 1 -10 -12 0 -10 -15
0 -10 -12 0 -10 -15 1 -10 -12
1 10 -12 1 10 -15 0 10 -15
0 10 -15 0 10 -12 1 10 -12
0 -10 -15 0 -10 -12 -1 -10 -15
-1 -10 -12 -1 -10 -15 0 -10 -12
0 10 -12 0 10 -15 -1 10 -15
-1 10 -15 -1 10 -12 0 10 -12
-1 -10 -15 -1 -10 -12 -2 -10 -15
-2 -10 -12 -2 -10 -15 -1 -10 -12
-1 10 -12 -1 10 -15 -2 10 -15
-2 10 -15 -2 10 -12 -1 10 -12
-2 -10 -15 -2 -10 -12 -3 -10 -15
-3 -10 -12 -3 -10 -15 -2 -10 -12
-2 10 -12 -2 10 -15 -3 10 -15
-3 10 -15 -3 10 -12 -2 10 -12
-3 -10 -15 -3 -10 -12 -4 -10 -15
-4 -10 -12 -4 -10 -15 -3 -10 -12
-3 10 -12 -3 10 -15 -4 10 -15
-4 10 -15 -4 10 -12 -3 10 -12
-4 -10 -15 -4 -10 -12 -5 -10 -15
-5 -10 -12 -5 -10 -15 -4 -10 -12
-4 10 -12 -4 10 -15 -5 10 -15
-5 10 -15 -5 10 -12 -4 10 -12
5 -10 -15 5 -8 -15 5 -8 -12
5 -8 -12 5 -10 -12 5 -10 -15
-5 -8 -15 -5 -10 -15 -5 -8 -12
-5 -10 -12 -5 -8 -12 -5 -10 -15
5 -10 -12 5 -8 -12 5 -8 -9
5 -8 -9 5 -10 -9 5 -10 -12
-5 -8 -12 -5 -10 -12 -5 -8 -9
-5 -10 -9 -5 -8 -9 -5 -10 -12
5 -10 -9 5 -8 -9 5 -8 -6
5 -8 -6 5 -10 -6 5 -10 -9
-5 -8 -9 -5 -10 -9 -5 -8 -6
-5 -10 -6 -5 -8 -6 -5 -10 -9
5 -10 -6 5 -8 -6 5 -8 -3
5 -8 -3 5 -10 -3 5 -10 -6
-5 -8 -6 -5 -10 -6 -5 -8 -3
-5 -10 -3 -5 -8 -3 -5 -10 -6
5 -10 -3 5 -8 -3 5 -8 0
5 -8 0 5 -10 0 5 -10 -3
-5 -8 -3 -5 -10 -3 -5 -8 0
-5 -10 0 -5 -8 0 -5 -10 -3
5 -10 0 5 -8 0 5 -8 3
5 -8 3 5 -10 3 5 -10 0
-5 -8 0 -5 -10 0 -5 -8 3
-5 -10 3 -5 -8 3 -5 -10 0
5 -10 3 5 -8 3 5 -8 6
5 -8 6 5 -10 6 5 -10 3
-5 -8 3 -5 -10 3 -5 -8 6
-5 -10 6 -5 -8 6 -5 -10 3
5 -10 6 5 -8 6 5 -8 9
5 -8 9 5 -10 9 5 -10 6
-5 -8 6 -5 -10 6 -5 -8 9
-5 -10 9 -5 -8 9 -5 -10 6
5 -10 9 5 -8 9 5 -8 12
5 -8 12 5 -10 12 5 -10 9
-5 -8 9 -5 -10 9 -5 -8 12
-5 -10 12 -5 -8 12 -5 -10 9
5 -10 12 5 -8 12 5 -8 15
5 -8 15 5 -10 15 5 -10 12
-5 -8 12 -5 -10 12 -5 -8 15
-5 -10 15 -5 -8 15 -5 -10 12
5 -8 -15 5 -6 -15 5 -6 -12
5 -6 -12 5 -8 -12 5 -8 -15
-5 -6 -15 -5 -8 -15 -5 -6 -12
-5 -8 -12 -5 -6 -12 -5 -8 -15
5 -8 -12 5 -6 -12 5 -6 -9
5 -6 -9 5 -8 -9 5 -8 -12
-5 -6 -12 -5 -8 -12 -5 -6 -9
-5 -8 -9 -5 -6 -9 -5 -8 -12
5 -8 -9 5 -6 -9 5 -6 -6
5 -6 -6 5 -8 -6 5 -8 -9
-5 -6 -9 -5 -8 -9 -5 -6 -6
-5 -8 -6 -5 -6 -6 -5 -8 -9
5 -8 -6 5 -6 -6 5 -6 -3
5 -6 -3 5 -8 -3 5 -8 -6
-5 -6 -6 -5 -8 -6 -5 -6 -3
-5 -8 -3 -5 -6 -3 -5 -8 -6
5 -8 -3 5 -6 -3 5 -6 0
5 -6 0 5 -8 0 5 -8 -3
-5 -6 -3 -5 -8 -3 -5 -6 0
-5 -8 0 -5 -6 0 -5 -8 -3
5 -8 0 5 -6 0 5 -6 3
5 -6 3 5 -8 3 5 -8 0
-5 -6 0 -5 -8 0 -5 -6 3
-5 -8 3 -5 -6 3 -5 -8 0
5 -8 3 5 -6 3 5 -6 6
5 -6 6 5 -8 6 5 -8 3
-5 -6 3 -5 -8 3 -5 -6 6
-5 -8 6 -5 -6 6 -5 -8 3
5 -8 6 5 -6 6 5 -6 9
5 -6 9 5 -8 9 5 -8 6
-5 -6 6 -5 -8 6 -5 -6 9
-5 -8 9 -5 -6 9 -5 -8 6
5 -8 9 5 -6 9 5 -6 12
5 -6 12 5 -8 12 5 -8 9
-5 -6 9 -5 -8 9 -5 -6 12
-5 -8 12 -5 -6 12 -5 -8 9
5 -8 12 5 -6 12 5 -6 15
5 -6 15 5 -8 15 5 -8 12
-5 -6 12 -5 -8 12 -5 -6 15
-5 -8 15 -5 -6 15 -5 -8 12
5 -6 -15 5 -4 -15 5 -4 -12
5 -4 -12 5 -6 -12 5 -6 -15
-5 -4 -15 -5 -6 -15 -5 -4 -12
-5 -6 -12 -5 -4 -12 -5 -6 -15
5 -6 -12 5 -4 -12 5 -4 -9
5 -4 -9 5 -6 -9 5 -6 -12
-5 -4 -12 -5 -6 -12 -5 -4 -9
-5 -6 -9 -5 -4 -9 -5 -6 -12
5 -6 -9 5 -4 -9 5 -4 -6
5 -4 -6 5 -6 -6 5 -6 -9
-5 -4 -9 -5 -6 -9 -5 -4 -6
-5 -6 -6 -5 -4 -6 -5 -6 -9
5 -6 -6 5 -4 -6 5 -4 -3
5 -4 -3 5 -6 -3 5 -6 -6
-5 -4 -6 -5 -6 -6 -5 -4 -3
-5 -6 -3 -5 -4 -3 -5 -6 -6
5 -6 -3 5 -4 -3 5 -4 0
5 -4 0 5 -6 0 5 -6 -3
-5 -4 -3 -5 -6 -3 -5 -4 0
-5 -6 0 -5 -4 0 -5 -6 -3
5 -6 0 5 -4 0 5 -4 3
5 -4 3 5 -6 3 5 -6 0
-5 -4 0 -5 -6 0 -5 -4 3
-5 -6 3 -5 -4 3 -5 -6 0
5 -6 3 5 -4 3 5 -4 6
5 -4 6 5 -6 6 5 -6 3
-5 -4 3 -5 -6 3 -5 -4 6
-5 -6 6 -5 -4 6 -5 -6 3
5 -6 6 5 -4 6 5 -4 9
5 -4 9 5 -6 9 5 -6 6
-5 -4 6 -5 -6 6 -5 -4 9
-5 -6 9 -5 -4 9 -5 -6 6
5 -6 9 5 -4 9 5 -4 12
5 -4 12 5 -6 12 5 -6 9
-5 -4 9 -5 -6 9 -5 -4 12
-5 -6 12 -5 -4 12 -5 -6 9
5 -6 12 5 -4 12 5 -4 15
5 -4 15 5 -6 15 5 -6 12
-5 -4 12 -5 -6 12 -5 -4 15
-5 -6 15 -5 -4 15 -5 -6 12
5 -4 -15 5 -2 -15 5 -2 -12
5 -2 -12 5 -4 -12 5 -4 -15
-5 -2 -15 -5 -4 -15 -5 -2 -12
-5 -4 -12 -5 -2 -12 -5 -4 -15
5 -4 -12 5 -2 -12 5 -2 -9
5 -2 -9 5 -4 -9 5 -4 -12
-5 -2 -12 -5 -4 -12 -5 -2 -9
-5 -4 -9 -5 -2 -9 -5 -4 -12
5 -4 -9 5 -2 -9 5 -2 -6
5 -2 -6 5 -4 -6 5 -4 -9
-5 -2 -9 -5 -4 -9 -5 -2 -6
-5 -4 -6 -5 -2 -6 -5 -4 -9
5 -4 -6 5 -2 -6 5 -2 -3
5 -2 -3 5 -4 -3 5 -4 -6
-5 -2 -6 -5 -4 -6 -5 -2 -3
-5 -4 -3 -5 -2 -3 -5 -4 -6
5 -4 -3 5 -2 -3 5 -2 0
5 -2 0 5 -4 0 5 -4 -3
-5 -2 -3 -5 -4 -3 -5 -2 0
-5 -4 0 -5 -2 0 -5 -4 -3
5 -4 0 5 -2 0 5 -2 3
5 -2 3 5 -4 3 5 -4 0
-5 -2 0 -5 -4 0 -5 -2 3
-5 -4 3 -5 -2 3 -5 -4 0
5 -4 3 5 -2 3 5 -2 6
5 -2 6 5 -4 6 5 -4 3
-5 -2 3 -5 -4 3 -5 -2 6
-5 -4 6 -5 -2 6 -5 -4 3
5 -4 6 5 -2 6 5 -2 9
5 -2 9 5 -4 9 5 -4 6
-5 -2 6 -5 -4 6 -5 -2 9
-5 -4 9 -5 -2 9 -5 -4 6
5 -4 9 5 -2 9 5 -2 12
5 -2 12 5 -4 12 5 -4 9
-5 -2 9 -5 -4 9 -5 -2 12
-5 -4 12 -5 -2 12 -5 -4 9
5 -4 12 5 -2 12 5 -2 15
5 -2 15 5 -4 15 5 -4 12
-5 -2 12 -5 -4 12 -5 -2 15
-5 -4 15 -5 -2 15 -5 -4 12
5 -2 -15 5 0 -15 5 0 -12
5 0 -12 5 -2 -12 5 -2 -15
-5 0 -15 -5 -2 -15 -5 0 -12
-5 -2 -12 -5 0 -12 -5 -2 -15
5 -2 -12 5 0 -12 5 0 -9
5 0 -9 5 -2 -9 5 -2 -12
-5 0 -12 -5 -2 -12 -5 0 -9
-5 -2 -9 -5 0 -9 -5 -2 -12
5 -2 -9 5 0 -9 5 0 -6
5 0 -6 5 -2 -6 5 -2 -9
-5 0 -9 -5 -2 -9 -5 0 -6
-5 -2 -6 -5 0 -6 -5 -2 -9
5 -2 -6 5 0 -6 5 0 -3
5 0 -3 5 -2 -3 5 -2 -6
-5 0 -6 -5 -2 -6 -5 0 -3
-5 -2 -3 -5 0 -3 -5 -2 -6
5 -2 -3 5 0 -3 5 0 0
5 0 0 5 -2 0 5 -2 -3
-5 0 -3 -5 -2 -3 -5 0 0
-5 -2 0 -5 0 0 -5 -2 -3
5 -2 0 5 0 0 5 0 3
5 0 3 5 -2 3 5 -2 0
-5 0 0 -5 -2 0 -5 0 3
-5 -2 3 -5 0 3 -5 -2 0
5 -2 3 5 0 3 5 0 6
5 0 6 5 -2 6 5 -2 3
-5 0 3 -5 -2 3 -5 0 6
-5 -2 6 -5 0 6 -5 -2 3
5 -2 6 5 0 6 5 0 9
5 0 9 5 -2 9 5 -2 6
-5 0 6 -5 -2 6 -5 0 9
-5 -2 9 -5 0 9 -5 -2 6
5 -2 9 5 0 9 5 0 12
5 0 12 5 -2 12 5 -2 9
-5 0 9 -5 -2 9 -5 0 12
-5 -2 12 -5 0 12 -5 -2 9
5 -2 12 5 0 12 5 0 15
5 0 15 5 -2 15 5 -2 12
-5 0 12 -5 -2 12 -5 0 15
-5 -2 15 -5 0 15 -5 -2 12
5 0 -15 5 2 -15 5 2 -12
5 2 -12 5 0 -12 5 0 -15
-5 2 -15 -5 0 -15 -5 2 -12
-5 0 -12 -5 2 -12 -5 0 -15
5 0 -12 5 2 -12 5 2 -9
5 2 -9 5 0 -9 5 0 -12
-5 2 -12 -5 0 -12 -5 2 -9
-5 0 -9 -5 2 -9 -5 0 -12
5 0 -9 5 2 -9 5 2 -6
5 2 -6 5 0 -6 5 0 -9
-5 2 -9 -5 0 -9 -5 2 -6
-5 0 -6 -5 2 -6 -5 0 -9
5 0 -6 5 2 -6 5 2 -3
5 2 -3 5 0 -3 5 0 -6
-5 2 -6 -5 0 -6 -5 2 -3
-5 0 -3 -5 2 -3 -5 0 -6
5 0 -3 5 2 -3 5 2 0
5 2 0 5 0 0 5 0 -3
-5 2 -3 -5 0 -3 -5 2 0
-5 0 0 -5 2 0 -5 0 -3
5 0 0 5 2 0 5 2 3
5 2 3 5 0 3 5 0 0
-5 2 0 -5 0 0 -5 2 3
-5 0 3 -5 2 3 -5 0 0
5 0 3 5 2 3 5 2 6
5 2 6 5 0 6 5 0 3
-5 2 3 -5 0 3 -5 2 6
-5 0 6 -5 2 6 -5 0 3
5 0 6 5 2 6 5 2 9
5 2 9 5 0 9 5 0 6
-5 2 6 -5 0 6 -5 2 9
-5 0 9 -5 2 9 -5 0 6
5 0 9 5 2 9 5 2 12
5 2 12 5 0 12 5 0 9
-5 2 9 -5 0 9 -5 2 12
-5 0 12 -5 2 12 -5 0 9
5 0 12 5 2 12 5 2 15
5 2 15 5 0 15 5 0 12
-5 2 12 -5 0 12 -5 2 15
-5 0 15 -5 2 15 -5 0 12
5 2 -15 5 4 -15 5 4 -12
5 4 -12 5 2 -12 5 2 -15
-5 4 -15 -5 2 -15 -5 4 -12
-5 2 -12 -5 4 -12 -5 2 -15
5 2 -12 5 4 -12 5 4 -9
5 4 -9 5 2 -9 5 2 -12
-5 4 -12 -5 2 -12 -5 4 -9
-5 2 -9 -5 4 -9 -5 2 -12
5 2 -9 5 4 -9 5 4 -6
5 4 -6 5 2 -6 5 2 -9
-5 4 -9 -5 2 -9 -5 4 -6
-5 2 -6 -5 4 -6 -5 2 -9
5 2 -6 5 4 -6 5 4 -3
5 4 -3 5 2 -3 5 2 -6
-5 4 -6 -5 2 -6 -5 4 -3
-5 2 -3 -5 4 -3 -5 2 -6
5 2 -3 5 4 -3 5 4 0
5 4 0 5 2 0 5 2 -3
-5 4 -3 -5 2 -3 -5 4 0
-5 2 0 -5 4 0 -5 2 -3
5 2 0 5 4 0 5 4 3
5 4 3 5 2 3 5 2 0
-5 4 0 -5 2 0 -5 4 3
-5 2 3 -5 4 3 -5 2 0
5 2 3 5 4 3 5 4 6
5 4 6 5 2 6 5 2 3
-5 4 3 -5 2 3 -5 4 6
-5 2 6 -5 4 6 -5 2 3
5 2 6 5 4 6 5 4 9
5 4 9 5 2 9 5 2 6
-5 4 6 -5 2 6 -5 4 9
-5 2 9 -5 4 9 -5 2 6
5 2 9 5 4 9 5 4 12
5 4 12 5 2 12 5 2 9
-5 4 9 -5 2 9 -5 4 12
-5 2 12 -5 4 12 -5 2 9
5 2 12 5 4 12 5 4 15
5 4 15 5 2 15 5 2 12
-5 4 12 -5 2 12 -5 4 15
-5 2 15 -5 4 15 -5 2 12
5 4 -15 5 6 -15 5 6 -12
5 6 -12 5 4 -12 5 4 -15
-5 6 -15 -5 4 -15 -5 6 -12
-5 4 -12 -5 6 -12 -5 4 -15
5 4 -12 5 6 -12 5 6 -9
5 6 -9 5 4 -9 5 4 -12
-5 6 -12 -5 4 -12 -5 6 -9
-5 4 -9 -5 6 -9 -5 4 -12
5 4 -9 5 6 -9 5 6 -6
5 6 -6 5 4 -6 5 4 -9
-5 6 -9 -5 4 -9 -5 6 -6
-5 4 -6 -5 6 -6 -5 4 -9
5 4 -6 5 6 -6 5 6 -3
5 6 -3 5 4 -3 5 4 -6
-5 6 -6 -5 4 -6 -5 6 -3
-5 4 -3 -5 6 -3 -5 4 -6
5 4 -3 5 6 -3 5 6 0
5 6 0 5 4 0 5 4 -3
-5 6 -3 -5 4 -3 -5 6 0
-5 4 0 -5 6 0 -5 4 -3
5 4 0 5 6 0 5 6 3
5 6 3 5 4 3 5 4 0
-5 6 0 -5 4 0 -5 6 3
-5 4 3 -5 6 3 -5 4 0
5 4 3 5 6 3 5 6 6
5 6 6 5 4 6 5 4 3
-5 6 3 -5 4 3 -5 6 6
-5 4 6 -5 6 6 -5 4 3
5 4 6 5 6 6 5 6 9
5 6 9 5 4 9 5 4 6
-5 6 6 -5 4 6 -5 6 9
-5 4 9 -5 6 9 -5 4 6
5 4 9 5 6 9 5 6 12
5 6 12 5 4 12 5 4 9
-5 6 9 -5 4 9 -5 6 12
-5 4 12 -5 6 12 -5 4 9
5 4 12 5 6 12 5 6 15
5 6 15 5 4 15 5 4 12
-5 6 12 -5 4 12 -5 6 15
-5 4 15 -5 6 15 -5 4 12
5 6 -15 5 8 -15 5 8 -12
5 8 -12 5 6 -12 5 6 -15
-5 8 -15 -5 6 -15 -5 8 -12
-5 6 -12 -5 8 -12 -5 6 -15
5 6 -12 5 8 -12 5 8 -9
5 8 -9 5 6 -9 5 6 -12
-5 8 -12 -5 6 -12 -5 8 -9
-5 6 -9 -5 8 -9 -5 6 -12
5 6 -9 5 8 -9 5 8 -6
5 8 -6 5 6 -6 5 6 -9
-5 8 -9 -5 6 -9 -5 8 -6
-5 6 -6 -5 8 -6 -5 6 -9
5 6 -6 5 8 -6 5 8 -3
5 8 -3 5 6 -3 5 6 -6
-5 8 -6 -5 6 -6 -5 8 -3
-5 6 -3 -5 8 -3 -5 6 -6
5 6 -3 5 8 -3 5 8 0
5 8 0 5 6 0 5 6 -3
-5 8 -3 -5 6 -3 -5 8 0
-5 6 0 -5 8 0 -5 6 -3
5 6 0 5 8 0 5 8 3
5 8 3 5 6 3 5 6 0
-5 8 0 -5 6 0 -5 8 3
-5 6 3 -5 8 3 -5 6 0
5 6 3 5 8 3 5 8 6
5 8 6 5 6 6 5 6 3
-5 8 3 -5 6 3 -5 8 6
-5 6 6 -5 8 6 -5 6 3
5 6 6 5 8 6 5 8 9
5 8 9 5 6 9 5 6 6
-5 8 6 -5 6 6 -5 8 9
-5 6 9 -5 8 9 -5 6 6
5 6 9 5 8 9 5 8 12
5 8 12 5 6 12 5 6 9
-5 8 9 -5 6 9 -5 8 12
-5 6 12 -5 8 12 -5 6 9
5 6 12 5 8 12 5 8 15
5 8 15 5 6 15 5 6 12
-5 8 12 -5 6 12 -5 8 15
-5 6 15 -5 8 15 -5 6 12
5 8 -15 5 10 -15 5 10 -12
5 10 -12 5 8 -12 5 8 -15
-5 10 -15 -5 8 -15 -5 10 -12
-5 8 -12 -5 10 -12 -5 8 -15
5 8 -12 5 10 -12 5 10 -9
5 10 -9 5 8 -9 5 8 -12
-5 10 -12 -5 8 -12 -5 10 -9
-5 8 -9 -5 10 -9 -5 8 -12
5 8 -9 5 10 -9 5 10 -6
5 10 -6 5 8 -6 5 8 -9
-5 10 -9 -5 8 -9 -5 10 -6
-5 8 -6 -5 10 -6 -5 8 -9
5 8 -6 5 10 -6 5 10 -3
5 10 -3 5 8 -3 5 8 -6
-5 10 -6 -5 8 -6 -5 10 -3
-5 8 -3 -5 10 -3 -5 8 -6
5 8 -3 5 10 -3 5 10 0
5 10 0 5 8 0 5 8 -3
-5 10 -3 -5 8 -3 -5 10 0
-5 8 0 -5 10 0 -5 8 -3
5 8 0 5 10 0 5 10 3
5 10 3 5 8 3 5 8 0
-5 10 0 -5 8 0 -5 10 3
-5 8 3 -5 10 3 -5 8 0
5 8 3 5 10 3 5 10 6
5 10 6 5 8 6 5 8 3
-5 10 3 -5 8 3 -5 10 6
-5 8 6 -5 10 6 -5 8 3
5 8 6 5 10 6 5 10 9
5 10 9 5 8 9 5 8 6
-5 10 6 -5 8 6 -5 10 9
-5 8 9 -5 10 9 -5 8 6
5 8 9 5 10 9 5 10 12
5 10 12 5 8 12 5 8 9
-5 10 9 -5 8 9 -5 10 12
-5 8 12 -5 10 12 -5 8 9
5 8 12 5 10 12 5 10 15
5 10 15 5 8 15 5 8 12
-5 10 12 -5 8 12 -5 10 15
-5 8 15 -5 10 15 -5 8 12
