800
3 0 0 2.99852 0 0.0942323 3.99803 0 0.125643
3.99803 0 0.125643 4 0 0 3 0 0
2.99852 0 0.0942323 2.99408 0 0.188372 3.99211 0 0.251162
3.99211 0 0.251162 3.99803 0 0.125643 2.99852 0 0.0942323
2.99408 0 0.188372 2.98669 0 0.282325 3.98225 0 0.376433
3.98225 0 0.376433 3.99211 0 0.251162 2.99408 0 0.188372
2.98669 0 0.282325 2.97634 0 0.376 3.96846 0 0.501333
3.96846 0 0.501333 3.98225 0 0.376433 2.98669 0 0.282325
2.97634 0 0.376 2.96307 0 0.469303 3.95075 0 0.625738
3.95075 0 0.625738 3.96846 0 0.501333 2.97634 0 0.376
2.96307 0 0.469303 2.94686 0 0.562144 3.92915 0 0.749525
3.92915 0 0.749525 3.95075 0 0.625738 2.96307 0 0.469303
2.94686 0 0.562144 2.92775 0 0.65443 3.90367 0 0.872573
3.90367 0 0.872573 3.92915 0 0.749525 2.94686 0 0.562144
2.92775 0 0.65443 2.90575 0 0.74607 3.87433 0 0.99476
3.87433 0 0.99476 3.90367 0 0.872573 2.92775 0 0.65443
2.90575 0 0.74607 2.88088 0 0.836973 3.84117 0 1.11596
3.84117 0 1.11596 3.87433 0 0.99476 2.90575 0 0.74607
2.88088 0 0.836973 2.85317 0 0.927051 3.80423 0 1.23607
3.80423 0 1.23607 3.84117 0 1.11596 2.88088 0 0.836973
2.85317 0 0.927051 2.82264 0 1.01621 3.76352 0 1.35495
3.76352 0 1.35495 3.80423 0 1.23607 2.85317 0 0.927051
2.82264 0 1.01621 2.78933 0 1.10437 3.71911 0 1.4725
3.71911 0 1.4725 3.76352 0 1.35495 2.82264 0 1.01621
2.78933 0 1.10437 2.75326 0 1.19144 3.67102 0 1.58859
3.67102 0 1.58859 3.71911 0 1.4725 2.78933 0 1.10437
2.75326 0 1.19144 2.71448 0 1.27734 3.61931 0 1.70312
3.61931 0 1.70312 3.67102 0 1.58859 2.75326 0 1.19144
2.71448 0 1.27734 2.67302 0 1.36197 3.56403 0 1.81596
3.56403 0 1.81596 3.61931 0 1.70312 2.71448 0 1.27734
2.67302 0 1.36197 2.62892 0 1.44526 3.50523 0 1.92701
3.50523 0 1.92701 3.56403 0 1.81596 2.67302 0 1.36197
2.62892 0 1.44526 2.58223 0 1.52712 3.44297 0 2.03617
3.44297 0 2.03617 3.50523 0 1.92701 2.62892 0 1.44526
2.58223 0 1.52712 2.53298 0 1.60748 3.37731 0 2.14331
3.37731 0 2.14331 3.44297 0 2.03617 2.58223 0 1.52712
2.53298 0 1.60748 2.48124 0 1.68625 3.30832 0 2.24833
3.30832 0 2.24833 3.37731 0 2.14331 2.53298 0 1.60748
2.48124 0 1.68625 2.42705 0 1.76336 3.23607 0 2.35114
3.23607 0 2.35114 3.30832 0 2.24833 2.48124 0 1.68625
2.42705 0 1.76336 2.37047 0 1.83872 3.16062 0 2.45163
3.16062 0 2.45163 3.23607 0 2.35114 2.42705 0 1.76336
2.37047 0 1.83872 2.31154 0 1.91227 3.08205 0 2.5497
3.08205 0 2.5497 3.16062 0 2.45163 2.37047 0 1.83872
2.31154 0 1.91227 2.25033 0 1.98394 3.00044 0 2.64525
3.00044 0 2.64525 3.08205 0 2.5497 2.31154 0 1.91227
2.25033 0 1.98394 2.18691 0 2.05364 2.91587 0 2.73819
2.91587 0 2.73819 3.00044 0 2.64525 2.25033 0 1.98394
2.18691 0 2.05364 2.12132 0 2.12132 2.82843 0 2.82843
2.82843 0 2.82843 2.91587 0 2.73819 2.18691 0 2.05364
2.12132 0 2.12132 2.05364 0 2.18691 2.73819 0 2.91587
2.73819 0 2.91587 2.82843 0 2.82843 2.12132 0 2.12132
2.05364 0 2.18691 1.98394 0 2.25033 2.64525 0 3.00044
2.64525 0 3.00044 2.73819 0 2.91587 2.05364 0 2.18691
1.98394 0 2.25033 1.91227 0 2.31154 2.5497 0 3.08205
2.5497 0 3.08205 2.64525 0 3.00044 1.98394 0 2.25033
1.91227 0 2.31154 1.83872 0 2.37047 2.45163 0 3.16062
2.45163 0 3.16062 2.5497 0 3.08205 1.91227 0 2.31154
1.83872 0 2.37047 1.76336 0 2.42705 2.35114 0 3.23607
2.35114 0 3.23607 2.45163 0 3.16062 1.83872 0 2.37047
1.76336 0 2.42705 1.68625 0 2.48124 2.24833 0 3.30832
2.24833 0 3.30832 2.35114 0 3.23607 1.76336 0 2.42705
1.68625 0 2.48124 1.60748 0 2.53298 2.14331 0 3.37731
2.14331 0 3.37731 2.24833 0 3.30832 1.68625 0 2.48124
1.60748 0 2.53298 1.52712 0 2.58223 2.03617 0 3.44297
2.03617 0 3.44297 2.14331 0 3.37731 1.60748 0 2.53298
1.52712 0 2.58223 1.44526 0 2.62892 1.92701 0 3.50523
1.92701 0 3.50523 2.03617 0 3.44297 1.52712 0 2.58223
1.44526 0 2.62892 1.36197 0 2.67302 1.81596 0 3.56403
1.81596 0 3.56403 1.92701 0 3.50523 1.44526 0 2.62892
1.36197 0 2.67302 1.27734 0 2.71448 1.70312 0 3.61931
1.70312 0 3.61931 1.81596 0 3.56403 1.36197 0 2.67302
1.27734 0 2.71448 1.19144 0 2.75326 1.58859 0 3.67102
1.58859 0 3.67102 1.70312 0 3.61931 1.27734 0 2.71448
1.19144 0 2.75326 1.10437 0 2.78933 1.4725 0 3.71911
1.4725 0 3.71911 1.58859 0 3.67102 1.19144 0 2.75326
1.10437 0 2.78933 1.01621 0 2.82264 1.35495 0 3.76352
1.35495 0 3.76352 1.4725 0 3.71911 1.10437 0 2.78933
1.01621 0 2.82264 0.927051 0 2.85317 1.23607 0 3.80423
1.23607 0 3.80423 1.35495 0 3.76352 1.01621 0 2.82264
0.927051 0 2.85317 0.836973 0 2.88088 1.11596 0 3.84117
1.11596 0 3.84117 1.23607 0 3.80423 0.927051 0 2.85317
0.836973 0 2.88088 0.746069 0 2.90575 0.994759 0 3.87433
0.994759 0 3.87433 1.11596 0 3.84117 0.836973 0 2.88088
0.746069 0 2.90575 0.654429 0 2.92775 0.872573 0 3.90367
0.872573 0 3.90367 0.994759 0 3.87433 0.746069 0 2.90575
0.654429 0 2.92775 0.562144 0 2.94686 0.749525 0 3.92915
0.749525 0 3.92915 0.872573 0 3.90367 0.654429 0 2.92775
0.562144 0 2.94686 0.469303 0 2.96307 0.625737 0 3.95075
0.625737 0 3.95075 0.749525 0 3.92915 0.562144 0 2.94686
0.469303 0 2.96307 0.375999 0 2.97634 0.501332 0 3.96846
0.501332 0 3.96846 0.625737 0 3.95075 0.469303 0 2.96307
0.375999 0 2.97634 0.282325 0 2.98669 0.376433 0 3.98225
0.376433 0 3.98225 0.501332 0 3.96846 0.375999 0 2.97634
0.282325 0 2.98669 0.188371 0 2.99408 0.251162 0 3.99211
0.251162 0 3.99211 0.376433 0 3.98225 0.282325 0 2.98669
0.188371 0 2.99408 0.0942318 0 2.99852 0.125642 0 3.99803
0.125642 0 3.99803 0.251162 0 3.99211 0.188371 0 2.99408
0.0942322 0 2.99852 -1.31134e-07 0 3 -1.74846e-07 0 4
-1.74846e-07 0 4 0.125643 0 3.99803 0.0942322 0 2.99852
-1.31134e-07 0 3 -0.0942325 0 2.99852 -0.125643 0 3.99803
-0.125643 0 3.99803 -1.74846e-07 0 4 -1.31134e-07 0 3
-0.0942325 0 2.99852 -0.188372 0 2.99408 -0.251162 0 3.99211
-0.251162 0 3.99211 -0.125643 0 3.99803 -0.0942325 0 2.99852
-0.188372 0 2.99408 -0.282325 0 2.98669 -0.376434 0 3.98225
-0.376434 0 3.98225 -0.251162 0 3.99211 -0.188372 0 2.99408
-0.282325 0 2.98669 -0.376 0 2.97634 -0.501333 0 3.96846
-0.501333 0 3.96846 -0.376434 0 3.98225 -0.282325 0 2.98669
-0.376 0 2.97634 -0.469304 0 2.96306 -0.625738 0 3.95075
-0.625738 0 3.95075 -0.501333 0 3.96846 -0.376 0 2.97634
-0.469304 0 2.96306 -0.562144 0 2.94686 -0.749526 0 3.92915
-0.749526 0 3.92915 -0.625738 0 3.95075 -0.469304 0 2.96306
-0.562144 0 2.94686 -0.65443 0 2.92775 -0.872573 0 3.90367
-0.872573 0 3.90367 -0.749526 0 3.92915 -0.562144 0 2.94686
-0.65443 0 2.92775 -0.74607 0 2.90575 -0.99476 0 3.87433
-0.99476 0 3.87433 -0.872573 0 3.90367 -0.65443 0 2.92775
-0.74607 0 2.90575 -0.836974 0 2.88088 -1.11597 0 3.84117
-1.11597 0 3.84117 -0.99476 0 3.87433 -0.74607 0 2.90575
-0.836973 0 2.88088 -0.927051 0 2.85317 -1.23607 0 3.80423
-1.23607 0 3.80423 -1.11596 0 3.84117 -0.836973 0 2.88088
-0.927051 0 2.85317 -1.01621 0 2.82264 -1.35495 0 3.76352
-1.35495 0 3.76352 -1.23607 0 3.80423 -0.927051 0 2.85317
-1.01621 0 2.82264 -1.10437 0 2.78933 -1.4725 0 3.71911
-1.4725 0 3.71911 -1.35495 0 3.76352 -1.01621 0 2.82264
-1.10437 0 2.78933 -1.19144 0 2.75326 -1.58859 0 3.67102
-1.58859 0 3.67102 -1.4725 0 3.71911 -1.10437 0 2.78933
-1.19144 0 2.75326 -1.27734 0 2.71448 -1.70312 0 3.61931
-1.70312 0 3.61931 -1.58859 0 3.67102 -1.19144 0 2.75326
-1.27734 0 2.71448 -1.36197 0 2.67302 -1.81596 0 3.56403
-1.81596 0 3.56403 -1.70312 0 3.61931 -1.27734 0 2.71448
-1.36197 0 2.67302 -1.44526 0 2.62892 -1.92702 0 3.50523
-1.92702 0 3.50523 -1.81596 0 3.56403 -1.36197 0 2.67302
-1.44526 0 2.62892 -1.52712 0 2.58223 -2.03617 0 3.44297
-2.03617 0 3.44297 -1.92702 0 3.50523 -1.44526 0 2.62892
-1.52712 0 2.58223 -1.60748 0 2.53298 -2.14331 0 3.37731
-2.14331 0 3.37731 -2.03617 0 3.44297 -1.52712 0 2.58223
-1.60748 0 2.53298 -1.68625 0 2.48124 -2.24833 0 3.30832
-2.24833 0 3.30832 -2.14331 0 3.37731 -1.60748 0 2.53298
-1.68625 0 2.48124 -1.76336 0 2.42705 -2.35114 0 3.23607
-2.35114 0 3.23607 -2.24833 0 3.30832 -1.68625 0 2.48124
-1.76336 0 2.42705 -1.83872 0 2.37046 -2.45163 0 3.16062
-2.45163 0 3.16062 -2.35114 0 3.23607 -1.76336 0 2.42705
-1.83872 0 2.37046 -1.91227 0 2.31154 -2.5497 0 3.08205
-2.5497 0 3.08205 -2.45163 0 3.16062 -1.83872 0 2.37046
-1.91227 0 2.31154 -1.98394 0 2.25033 -2.64525 0 3.00044
-2.64525 0 3.00044 -2.5497 0 3.08205 -1.91227 0 2.31154
-1.98394 0 2.25033 -2.05364 0 2.18691 -2.73819 0 2.91587
-2.73819 0 2.91587 -2.64525 0 3.00044 -1.98394 0 2.25033
-2.05364 0 2.18691 -2.12132 0 2.12132 -2.82843 0 2.82843
-2.82843 0 2.82843 -2.73819 0 2.91587 -2.05364 0 2.18691
-2.12132 0 2.12132 -2.18691 0 2.05364 -2.91587 0 2.73819
-2.91587 0 2.73819 -2.82843 0 2.82843 -2.12132 0 2.12132
-2.18691 0 2.05364 -2.25033 0 1.98394 -3.00044 0 2.64525
-3.00044 0 2.64525 -2.91587 0 2.73819 -2.18691 0 2.05364
-2.25033 0 1.98394 -2.31154 0 1.91227 -3.08205 0 2.5497
-3.08205 0 2.5497 -3.00044 0 2.64525 -2.25033 0 1.98394
-2.31154 0 1.91227 -2.37047 0 1.83872 -3.16062 0 2.45163
-3.16062 0 2.45163 -3.08205 0 2.5497 -2.31154 0 1.91227
-2.37047 0 1.83872 -2.42705 0 1.76336 -3.23607 0 2.35114
-3.23607 0 2.35114 -3.16062 0 2.45163 -2.37047 0 1.83872
-2.42705 0 1.76336 -2.48124 0 1.68625 -3.30832 0 2.24833
-3.30832 0 2.24833 -3.23607 0 2.35114 -2.42705 0 1.76336
-2.48124 0 1.68625 -2.53298 0 1.60748 -3.37731 0 2.14331
-3.37731 0 2.14331 -3.30832 0 2.24833 -2.48124 0 1.68625
-2.53298 0 1.60748 -2.58223 0 1.52712 -3.44297 0 2.03617
-3.44297 0 2.03617 -3.37731 0 2.14331 -2.53298 0 1.60748
-2.58223 0 1.52712 -2.62892 0 1.44526 -3.50523 0 1.92701
-3.50523 0 1.92701 -3.44297 0 2.03617 -2.58223 0 1.52712
-2.62892 0 1.44526 -2.67302 0 1.36197 -3.56403 0 1.81596
-3.56403 0 1.81596 -3.50523 0 1.92701 -2.62892 0 1.44526
-2.67302 0 1.36197 -2.71448 0 1.27734 -3.61931 0 1.70312
-3.61931 0 1.70312 -3.56403 0 1.81596 -2.67302 0 1.36197
-2.71448 0 1.27734 -2.75326 0 1.19144 -3.67102 0 1.58859
-3.67102 0 1.58859 -3.61931 0 1.70312 -2.71448 0 1.27734
-2.75326 0 1.19144 -2.78933 0 1.10437 -3.71911 0 1.4725
-3.71911 0 1.4725 -3.67102 0 1.58859 -2.75326 0 1.19144
-2.78933 0 1.10437 -2.82264 0 1.01621 -3.76352 0 1.35495
-3.76352 0 1.35495 -3.71911 0 1.4725 -2.78933 0 1.10437
-2.82264 0 1.01621 -2.85317 0 0.92705 -3.80423 0 1.23607
-3.80423 0 1.23607 -3.76352 0 1.35495 -2.82264 0 1.01621
-2.85317 0 0.92705 -2.88088 0 0.836973 -3.84118 0 1.11596
-3.84118 0 1.11596 -3.80423 0 1.23607 -2.85317 0 0.92705
-2.88088 0 0.836973 -2.90575 0 0.746069 -3.87433 0 0.994759
-3.87433 0 0.994759 -3.84118 0 1.11596 -2.88088 0 0.836973
-2.90575 0 0.746069 -2.92775 0 0.654429 -3.90367 0 0.872572
-3.90367 0 0.872572 -3.87433 0 0.994759 -2.90575 0 0.746069
-2.92775 0 0.654429 -2.94686 0 0.562143 -3.92915 0 0.749524
-3.92915 0 0.749524 -3.90367 0 0.872572 -2.92775 0 0.654429
-2.94686 0 0.562143 -2.96307 0 0.469303 -3.95075 0 0.625737
-3.95075 0 0.625737 -3.92915 0 0.749524 -2.94686 0 0.562143
-2.96307 0 0.469303 -2.97634 0 0.375999 -3.96846 0 0.501332
-3.96846 0 0.501332 -3.95075 0 0.625737 -2.96307 0 0.469303
-2.97634 0 0.375999 -2.98669 0 0.282324 -3.98225 0 0.376432
-3.98225 0 0.376432 -3.96846 0 0.501332 -2.97634 0 0.375999
-2.98669 0 0.282325 -2.99408 0 0.188371 -3.99211 0 0.251162
-3.99211 0 0.251162 -3.98225 0 0.376433 -2.98669 0 0.282325
-2.99408 0 0.188371 -2.99852 0 0.0942321 -3.99803 0 0.125643
-3.99803 0 0.125643 -3.99211 0 0.251162 -2.99408 0 0.188371
-2.99852 0 0.0942321 -3 0 -2.62268e-07 -4 0 -3.49691e-07
-4 0 -3.49691e-07 -3.99803 0 0.125643 -2.99852 0 0.0942321
-3 0 -2.62268e-07 -2.99852 0 -0.0942326 -3.99803 0 -0.125643
-3.99803 0 -0.125643 -4 0 -3.49691e-07 -3 0 -2.62268e-07
-2.99852 0 -0.0942326 -2.99408 0 -0.188372 -3.99211 0 -0.251163
-3.99211 0 -0.251163 -3.99803 0 -0.125643 -2.99852 0 -0.0942326
-2.99408 0 -0.188372 -2.98669 0 -0.282325 -3.98225 0 -0.376434
-3.98225 0 -0.376434 -3.99211 0 -0.251163 -2.99408 0 -0.188372
-2.98669 0 -0.282325 -2.97634 0 -0.376 -3.96846 0 -0.501333
-3.96846 0 -0.501333 -3.98225 0 -0.376434 -2.98669 0 -0.282325
-2.97634 0 -0.376 -2.96306 0 -0.469304 -3.95075 0 -0.625738
-3.95075 0 -0.625738 -3.96846 0 -0.501333 -2.97634 0 -0.376
-2.96306 0 -0.469304 -2.94686 0 -0.562144 -3.92915 0 -0.749526
-3.92915 0 -0.749526 -3.95075 0 -0.625738 -2.96306 0 -0.469304
-2.94686 0 -0.562144 -2.92775 0 -0.65443 -3.90367 0 -0.872574
-3.90367 0 -0.872574 -3.92915 0 -0.749526 -2.94686 0 -0.562144
-2.92775 0 -0.65443 -2.90575 0 -0.74607 -3.87433 0 -0.99476
-3.87433 0 -0.99476 -3.90367 0 -0.872574 -2.92775 0 -0.65443
-2.90575 0 -0.74607 -2.88088 0 -0.836974 -3.84117 0 -1.11597
-3.84117 0 -1.11597 -3.87433 0 -0.99476 -2.90575 0 -0.74607
-2.88088 0 -0.836974 -2.85317 0 -0.927052 -3.80423 0 -1.23607
-3.80423 0 -1.23607 -3.84117 0 -1.11597 -2.88088 0 -0.836974
-2.85317 0 -0.927052 -2.82264 0 -1.01621 -3.76352 0 -1.35495
-3.76352 0 -1.35495 -3.80423 0 -1.23607 -2.85317 0 -0.927052
-2.82264 0 -1.01621 -2.78933 0 -1.10437 -3.71911 0 -1.4725
-3.71911 0 -1.4725 -3.76352 0 -1.35495 -2.82264 0 -1.01621
-2.78933 0 -1.10437 -2.75326 0 -1.19144 -3.67102 0 -1.58859
-3.67102 0 -1.58859 -3.71911 0 -1.4725 -2.78933 0 -1.10437
-2.75326 0 -1.19144 -2.71448 0 -1.27734 -3.61931 0 -1.70312
-3.61931 0 -1.70312 -3.67102 0 -1.58859 -2.75326 0 -1.19144
-2.71448 0 -1.27734 -2.67302 0 -1.36197 -3.56403 0 -1.81596
-3.56403 0 -1.81596 -3.61931 0 -1.70312 -2.71448 0 -1.27734
-2.67302 0 -1.36197 -2.62892 0 -1.44526 -3.50523 0 -1.92702
-3.50523 0 -1.92702 -3.56403 0 -1.81596 -2.67302 0 -1.36197
-2.62892 0 -1.44526 -2.58223 0 -1.52713 -3.44297 0 -2.03617
-3.44297 0 -2.03617 -3.50523 0 -1.92702 -2.62892 0 -1.44526
-2.58223 0 -1.52713 -2.53298 0 -1.60748 -3.37731 0 -2.14331
-3.37731 0 -2.14331 -3.44297 0 -2.03617 -2.58223 0 -1.52713
-2.53298 0 -1.60748 -2.48124 0 -1.68625 -3.30832 0 -2.24833
-3.30832 0 -2.24833 -3.37731 0 -2.14331 -2.53298 0 -1.60748
-2.48124 0 -1.68625 -2.42705 0 -1.76336 -3.23607 0 -2.35114
-3.23607 0 -2.35114 -3.30832 0 -2.24833 -2.48124 0 -1.68625
-2.42705 0 -1.76336 -2.37046 0 -1.83872 -3.16062 0 -2.45163
-3.16062 0 -2.45163 -3.23607 0 -2.35114 -2.42705 0 -1.76336
-2.37046 0 -1.83872 -2.31154 0 -1.91227 -3.08205 0 -2.5497
-3.08205 0 -2.5497 -3.16062 0 -2.45163 -2.37046 0 -1.83872
-2.31154 0 -1.91227 -2.25033 0 -1.98394 -3.00044 0 -2.64525
-3.00044 0 -2.64525 -3.08205 0 -2.5497 -2.31154 0 -1.91227
-2.25033 0 -1.98394 -2.18691 0 -2.05364 -2.91587 0 -2.73819
-2.91587 0 -2.73819 -3.00044 0 -2.64525 -2.25033 0 -1.98394
-2.18691 0 -2.05364 -2.12132 0 -2.12132 -2.82843 0 -2.82843
-2.82843 0 -2.82843 -2.91587 0 -2.73819 -2.18691 0 -2.05364
-2.12132 0 -2.12132 -2.05364 0 -2.18691 -2.73819 0 -2.91587
-2.73819 0 -2.91587 -2.82843 0 -2.82843 -2.12132 0 -2.12132
-2.05364 0 -2.18691 -1.98394 0 -2.25033 -2.64525 0 -3.00044
-2.64525 0 -3.00044 -2.73819 0 -2.91587 -2.05364 0 -2.18691
-1.98394 0 -2.25033 -1.91227 0 -2.31154 -2.5497 0 -3.08205
-2.5497 0 -3.08205 -2.64525 0 -3.00044 -1.98394 0 -2.25033
-1.91227 0 -2.31154 -1.83872 0 -2.37047 -2.45163 0 -3.16062
-2.45163 0 -3.16062 -2.5497 0 -3.08205 -1.91227 0 -2.31154
-1.83872 0 -2.37047 -1.76336 0 -2.42705 -2.35114 0 -3.23607
-2.35114 0 -3.23607 -2.45163 0 -3.16062 -1.83872 0 -2.37047
-1.76336 0 -2.42705 -1.68625 0 -2.48124 -2.24833 0 -3.30832
-2.24833 0 -3.30832 -2.35114 0 -3.23607 -1.76336 0 -2.42705
-1.68625 0 -2.48124 -1.60748 0 -2.53298 -2.14331 0 -3.37731
-2.14331 0 -3.37731 -2.24833 0 -3.30832 -1.68625 0 -2.48124
-1.60748 0 -2.53298 -1.52712 0 -2.58223 -2.03616 0 -3.44297
-2.03616 0 -3.44297 -2.14331 0 -3.37731 -1.60748 0 -2.53298
-1.52712 0 -2.58223 -1.44526 0 -2.62892 -1.92701 0 -3.50523
-1.92701 0 -3.50523 -2.03616 0 -3.44297 -1.52712 0 -2.58223
-1.44526 0 -2.62892 -1.36197 0 -2.67302 -1.81596 0 -3.56403
-1.81596 0 -3.56403 -1.92701 0 -3.50523 -1.44526 0 -2.62892
-1.36197 0 -2.67302 -1.27734 0 -2.71448 -1.70312 0 -3.61931
-1.70312 0 -3.61931 -1.81596 0 -3.56403 -1.36197 0 -2.67302
-1.27734 0 -2.71448 -1.19144 0 -2.75326 -1.58859 0 -3.67102
-1.58859 0 -3.67102 -1.70312 0 -3.61931 -1.27734 0 -2.71448
-1.19144 0 -2.75326 -1.10437 0 -2.78933 -1.4725 0 -3.71911
-1.4725 0 -3.71911 -1.58859 0 -3.67102 -1.19144 0 -2.75326
-1.10437 0 -2.78933 -1.01621 0 -2.82264 -1.35495 0 -3.76352
-1.35495 0 -3.76352 -1.4725 0 -3.71911 -1.10437 0 -2.78933
-1.01621 0 -2.82264 -0.92705 0 -2.85317 -1.23607 0 -3.80423
-1.23607 0 -3.80423 -1.35495 0 -3.76352 -1.01621 0 -2.82264
-0.92705 0 -2.85317 -0.836972 0 -2.88088 -1.11596 0 -3.84118
-1.11596 0 -3.84118 -1.23607 0 -3.80423 -0.92705 0 -2.85317
-0.836972 0 -2.88088 -0.746069 0 -2.90575 -0.994758 0 -3.87433
-0.994758 0 -3.87433 -1.11596 0 -3.84118 -0.836972 0 -2.88088
-0.746069 0 -2.90575 -0.654429 0 -2.92775 -0.872571 0 -3.90367
-0.872571 0 -3.90367 -0.994758 0 -3.87433 -0.746069 0 -2.90575
-0.654429 0 -2.92775 -0.562143 0 -2.94686 -0.749524 0 -3.92915
-0.749524 0 -3.92915 -0.872571 0 -3.90367 -0.654429 0 -2.92775
-0.562143 0 -2.94686 -0.469302 0 -2.96307 -0.625736 0 -3.95075
-0.625736 0 -3.95075 -0.749524 0 -3.92915 -0.562143 0 -2.94686
-0.469302 0 -2.96307 -0.375998 0 -2.97634 -0.501331 0 -3.96846
-0.501331 0 -3.96846 -0.625736 0 -3.95075 -0.469302 0 -2.96307
-0.375998 0 -2.97634 -0.282324 0 -2.98669 -0.376431 0 -3.98225
-0.376431 0 -3.98225 -0.501331 0 -3.96846 -0.375998 0 -2.97634
-0.282324 0 -2.98669 -0.18837 0 -2.99408 -0.25116 0 -3.99211
-0.25116 0 -3.99211 -0.376431 0 -3.98225 -0.282324 0 -2.98669
-0.18837 0 -2.99408 -0.0942309 0 -2.99852 -0.125641 0 -3.99803
-0.125641 0 -3.99803 -0.25116 0 -3.99211 -0.18837 0 -2.99408
-0.0942309 0 -2.99852 1.46629e-06 0 -3 1.95505e-06 0 -4
1.95505e-06 0 -4 -0.125641 0 -3.99803 -0.0942309 0 -2.99852
3.57746e-08 0 -3 0.0942324 0 -2.99852 0.125643 0 -3.99803
0.125643 0 -3.99803 4.76995e-08 0 -4 3.57746e-08 0 -3
0.0942324 0 -2.99852 0.188372 0 -2.99408 0.251162 0 -3.99211
0.251162 0 -3.99211 0.125643 0 -3.99803 0.0942324 0 -2.99852
0.188372 0 -2.99408 0.282325 0 -2.98669 0.376433 0 -3.98225
0.376433 0 -3.98225 0.251162 0 -3.99211 0.188372 0 -2.99408
0.282325 0 -2.98669 0.376 0 -2.97634 0.501333 0 -3.96846
0.501333 0 -3.96846 0.376433 0 -3.98225 0.282325 0 -2.98669
0.376 0 -2.97634 0.469304 0 -2.96306 0.625738 0 -3.95075
0.625738 0 -3.95075 0.501333 0 -3.96846 0.376 0 -2.97634
0.469304 0 -2.96306 0.562144 0 -2.94686 0.749526 0 -3.92915
0.749526 0 -3.92915 0.625738 0 -3.95075 0.469304 0 -2.96306
0.562144 0 -2.94686 0.65443 0 -2.92775 0.872573 0 -3.90367
0.872573 0 -3.90367 0.749526 0 -3.92915 0.562144 0 -2.94686
0.65443 0 -2.92775 0.74607 0 -2.90575 0.99476 0 -3.87433
0.99476 0 -3.87433 0.872573 0 -3.90367 0.65443 0 -2.92775
0.74607 0 -2.90575 0.836974 0 -2.88088 1.11596 0 -3.84117
1.11596 0 -3.84117 0.99476 0 -3.87433 0.74607 0 -2.90575
0.836974 0 -2.88088 0.927051 0 -2.85317 1.23607 0 -3.80423
1.23607 0 -3.80423 1.11596 0 -3.84117 0.836974 0 -2.88088
0.927051 0 -2.85317 1.01621 0 -2.82264 1.35495 0 -3.76352
1.35495 0 -3.76352 1.23607 0 -3.80423 0.927051 0 -2.85317
1.01621 0 -2.82264 1.10437 0 -2.78933 1.4725 0 -3.71911
1.4725 0 -3.71911 1.35495 0 -3.76352 1.01621 0 -2.82264
1.10437 0 -2.78933 1.19144 0 -2.75326 1.58859 0 -3.67102
1.58859 0 -3.67102 1.4725 0 -3.71911 1.10437 0 -2.78933
1.19144 0 -2.75326 1.27734 0 -2.71448 1.70312 0 -3.61931
1.70312 0 -3.61931 1.58859 0 -3.67102 1.19144 0 -2.75326
1.27734 0 -2.71448 1.36197 0 -2.67302 1.81596 0 -3.56403
1.81596 0 -3.56403 1.70312 0 -3.61931 1.27734 0 -2.71448
1.36197 0 -2.67302 1.44526 0 -2.62892 1.92702 0 -3.50523
1.92702 0 -3.50523 1.81596 0 -3.56403 1.36197 0 -2.67302
1.44526 0 -2.62892 1.52712 0 -2.58223 2.03617 0 -3.44297
2.03617 0 -3.44297 1.92702 0 -3.50523 1.44526 0 -2.62892
1.52712 0 -2.58223 1.60748 0 -2.53298 2.14331 0 -3.37731
2.14331 0 -3.37731 2.03617 0 -3.44297 1.52712 0 -2.58223
1.60748 0 -2.53298 1.68625 0 -2.48124 2.24833 0 -3.30832
2.24833 0 -3.30832 2.14331 0 -3.37731 1.60748 0 -2.53298
1.68625 0 -2.48124 1.76336 0 -2.42705 2.35114 0 -3.23607
2.35114 0 -3.23607 2.24833 0 -3.30832 1.68625 0 -2.48124
1.76336 0 -2.42705 1.83872 0 -2.37046 2.45163 0 -3.16062
2.45163 0 -3.16062 2.35114 0 -3.23607 1.76336 0 -2.42705
1.83872 0 -2.37046 1.91227 0 -2.31154 2.5497 0 -3.08205
2.5497 0 -3.08205 2.45163 0 -3.16062 1.83872 0 -2.37046
1.91227 0 -2.31154 1.98394 0 -2.25033 2.64525 0 -3.00044
2.64525 0 -3.00044 2.5497 0 -3.08205 1.91227 0 -2.31154
1.98394 0 -2.25033 2.05364 0 -2.18691 2.73819 0 -2.91587
2.73819 0 -2.91587 2.64525 0 -3.00044 1.98394 0 -2.25033
2.05364 0 -2.18691 2.12132 0 -2.12132 2.82843 0 -2.82843
2.82843 0 -2.82843 2.73819 0 -2.91587 2.05364 0 -2.18691
2.12132 0 -2.12132 2.18691 0 -2.05364 2.91588 0 -2.73819
2.91588 0 -2.73819 2.82843 0 -2.82843 2.12132 0 -2.12132
2.18691 0 -2.05364 2.25033 0 -1.98393 3.00045 0 -2.64525
3.00045 0 -2.64525 2.91588 0 -2.73819 2.18691 0 -2.05364
2.25033 0 -1.98393 2.31154 0 -1.91227 3.08205 0 -2.54969
3.08205 0 -2.54969 3.00045 0 -2.64525 2.25033 0 -1.98393
2.31154 0 -1.91227 2.37047 0 -1.83872 3.16062 0 -2.45163
3.16062 0 -2.45163 3.08205 0 -2.54969 2.31154 0 -1.91227
2.37047 0 -1.83872 2.42705 0 -1.76335 3.23607 0 -2.35114
3.23607 0 -2.35114 3.16062 0 -2.45163 2.37047 0 -1.83872
2.42705 0 -1.76335 2.48124 0 -1.68625 3.30832 0 -2.24833
3.30832 0 -2.24833 3.23607 0 -2.35114 2.42705 0 -1.76335
2.48124 0 -1.68625 2.53298 0 -1.60748 3.37731 0 -2.14331
3.37731 0 -2.14331 3.30832 0 -2.24833 2.48124 0 -1.68625
2.53298 0 -1.60748 2.58223 0 -1.52712 3.44297 0 -2.03616
3.44297 0 -2.03616 3.37731 0 -2.14331 2.53298 0 -1.60748
2.58223 0 -1.52712 2.62892 0 -1.44526 3.50523 0 -1.92701
3.50523 0 -1.92701 3.44297 0 -2.03616 2.58223 0 -1.52712
2.62892 0 -1.44526 2.67302 0 -1.36197 3.56403 0 -1.81596
3.56403 0 -1.81596 3.50523 0 -1.92701 2.62892 0 -1.44526
2.67302 0 -1.36197 2.71448 0 -1.27734 3.61931 0 -1.70312
3.61931 0 -1.70312 3.56403 0 -1.81596 2.67302 0 -1.36197
2.71448 0 -1.27734 2.75326 0 -1.19144 3.67102 0 -1.58859
3.67102 0 -1.58859 3.61931 0 -1.70312 2.71448 0 -1.27734
2.75326 0 -1.19144 2.78933 0 -1.10437 3.71911 0 -1.4725
3.71911 0 -1.4725 3.67102 0 -1.58859 2.75326 0 -1.19144
2.78933 0 -1.10437 2.82264 0 -1.01621 3.76352 0 -1.35495
3.76352 0 -1.35495 3.71911 0 -1.4725 2.78933 0 -1.10437
2.82264 0 -1.01621 2.85317 0 -0.92705 3.80423 0 -1.23607
3.80423 0 -1.23607 3.76352 0 -1.35495 2.82264 0 -1.01621
2.85317 0 -0.92705 2.88088 0 -0.836972 3.84118 0 -1.11596
3.84118 0 -1.11596 3.80423 0 -1.23607 2.85317 0 -0.92705
2.88088 0 -0.836972 2.90575 0 -0.746068 3.87433 0 -0.994757
3.87433 0 -0.994757 3.84118 0 -1.11596 2.88088 0 -0.836972
2.90575 0 -0.746068 2.92775 0 -0.654428 3.90367 0 -0.872571
3.90367 0 -0.872571 3.87433 0 -0.994757 2.90575 0 -0.746068
2.92775 0 -0.654429 2.94686 0 -0.562144 3.92915 0 -0.749525
3.92915 0 -0.749525 3.90367 0 -0.872573 2.92775 0 -0.654429
2.94686 0 -0.562144 2.96307 0 -0.469303 3.95075 0 -0.625737
3.95075 0 -0.625737 3.92915 0 -0.749525 2.94686 0 -0.562144
2.96307 0 -0.469303 2.97634 0 -0.375999 3.96846 0 -0.501332
3.96846 0 -0.501332 3.95075 0 -0.625737 2.96307 0 -0.469303
2.97634 0 -0.375999 2.98669 0 -0.282325 3.98225 0 -0.376433
3.98225 0 -0.376433 3.96846 0 -0.501332 2.97634 0 -0.375999
2.98669 0 -0.282325 2.99408 0 -0.188371 3.99211 0 -0.251161
3.99211 0 -0.251161 3.98225 0 -0.376433 2.98669 0 -0.282325
2.99408 0 -0.188371 2.99852 0 -0.0942318 3.99803 0 -0.125642
3.99803 0 -0.125642 3.99211 0 -0.251161 2.99408 0 -0.188371
2.99852 0 -0.0942318 3 0 5.24537e-07 4 0 6.99382e-07
4 0 6.99382e-07 3.99803 0 -0.125642 2.99852 0 -0.0942318
3 0 -0 2.99852 0 -0.0942323 3.99803 0 -0.125643
3.99803 0 -0.125643 4 0 -0 3 0 -0
2.99852 0 -0.0942323 2.99408 0 -0.188372 3.99211 0 -0.251162
3.99211 0 -0.251162 3.99803 0 -0.125643 2.99852 0 -0.0942323
2.99408 0 -0.188372 2.98669 0 -0.282325 3.98225 0 -0.376433
3.98225 0 -0.376433 3.99211 0 -0.251162 2.99408 0 -0.188372
2.98669 0 -0.282325 2.97634 0 -0.376 3.96846 0 -0.501333
3.96846 0 -0.501333 3.98225 0 -0.376433 2.98669 0 -0.282325
2.97634 0 -0.376 2.96307 0 -0.469303 3.95075 0 -0.625738
3.95075 0 -0.625738 3.96846 0 -0.501333 2.97634 0 -0.376
2.96307 0 -0.469303 2.94686 0 -0.562144 3.92915 0 -0.749525
3.92915 0 -0.749525 3.95075 0 -0.625738 2.96307 0 -0.469303
2.94686 0 -0.562144 2.92775 0 -0.65443 3.90367 0 -0.872573
3.90367 0 -0.872573 3.92915 0 -0.749525 2.94686 0 -0.562144
2.92775 0 -0.65443 2.90575 0 -0.74607 3.87433 0 -0.99476
3.87433 0 -0.99476 3.90367 0 -0.872573 2.92775 0 -0.65443
2.90575 0 -0.74607 2.88088 0 -0.836973 3.84117 0 -1.11596
3.84117 0 -1.11596 3.87433 0 -0.99476 2.90575 0 -0.74607
2.88088 0 -0.836973 2.85317 0 -0.927051 3.80423 0 -1.23607
3.80423 0 -1.23607 3.84117 0 -1.11596 2.88088 0 -0.836973
2.85317 0 -0.927051 2.82264 0 -1.01621 3.76352 0 -1.35495
3.76352 0 -1.35495 3.80423 0 -1.23607 2.85317 0 -0.927051
2.82264 0 -1.01621 2.78933 0 -1.10437 3.71911 0 -1.4725
3.71911 0 -1.4725 3.76352 0 -1.35495 2.82264 0 -1.01621
2.78933 0 -1.10437 2.75326 0 -1.19144 3.67102 0 -1.58859
3.67102 0 -1.58859 3.71911 0 -1.4725 2.78933 0 -1.10437
2.75326 0 -1.19144 2.71448 0 -1.27734 3.61931 0 -1.70312
3.61931 0 -1.70312 3.67102 0 -1.58859 2.75326 0 -1.19144
2.71448 0 -1.27734 2.67302 0 -1.36197 3.56403 0 -1.81596
3.56403 0 -1.81596 3.61931 0 -1.70312 2.71448 0 -1.27734
2.67302 0 -1.36197 2.62892 0 -1.44526 3.50523 0 -1.92701
3.50523 0 -1.92701 3.56403 0 -1.81596 2.67302 0 -1.36197
2.62892 0 -1.44526 2.58223 0 -1.52712 3.44297 0 -2.03617
3.44297 0 -2.03617 3.50523 0 -1.92701 2.62892 0 -1.44526
2.58223 0 -1.52712 2.53298 0 -1.60748 3.37731 0 -2.14331
3.37731 0 -2.14331 3.44297 0 -2.03617 2.58223 0 -1.52712
2.53298 0 -1.60748 2.48124 0 -1.68625 3.30832 0 -2.24833
3.30832 0 -2.24833 3.37731 0 -2.14331 2.53298 0 -1.60748
2.48124 0 -1.68625 2.42705 0 -1.76336 3.23607 0 -2.35114
3.23607 0 -2.35114 3.30832 0 -2.24833 2.48124 0 -1.68625
2.42705 0 -1.76336 2.37047 0 -1.83872 3.16062 0 -2.45163
3.16062 0 -2.45163 3.23607 0 -2.35114 2.42705 0 -1.76336
2.37047 0 -1.83872 2.31154 0 -1.91227 3.08205 0 -2.5497
3.08205 0 -2.5497 3.16062 0 -2.45163 2.37047 0 -1.83872
2.31154 0 -1.91227 2.25033 0 -1.98394 3.00044 0 -2.64525
3.00044 0 -2.64525 3.08205 0 -2.5497 2.31154 0 -1.91227
2.25033 0 -1.98394 2.18691 0 -2.05364 2.91587 0 -2.73819
2.91587 0 -2.73819 3.00044 0 -2.64525 2.25033 0 -1.98394
2.18691 0 -2.05364 2.12132 0 -2.12132 2.82843 0 -2.82843
2.82843 0 -2.82843 2.91587 0 -2.73819 2.18691 0 -2.05364
2.12132 0 -2.12132 2.05364 0 -2.18691 2.73819 0 -2.91587
2.73819 0 -2.91587 2.82843 0 -2.82843 2.12132 0 -2.12132
2.05364 0 -2.18691 1.98394 0 -2.25033 2.64525 0 -3.00044
2.64525 0 -3.00044 2.73819 0 -2.91587 2.05364 0 -2.18691
1.98394 0 -2.25033 1.91227 0 -2.31154 2.5497 0 -3.08205
2.5497 0 -3.08205 2.64525 0 -3.00044 1.98394 0 -2.25033
1.91227 0 -2.31154 1.83872 0 -2.37047 2.45163 0 -3.16062
2.45163 0 -3.16062 2.5497 0 -3.08205 1.91227 0 -2.31154
1.83872 0 -2.37047 1.76336 0 -2.42705 2.35114 0 -3.23607
2.35114 0 -3.23607 2.45163 0 -3.16062 1.83872 0 -2.37047
1.76336 0 -2.42705 1.68625 0 -2.48124 2.24833 0 -3.30832
2.24833 0 -3.30832 2.35114 0 -3.23607 1.76336 0 -2.42705
1.68625 0 -2.48124 1.60748 0 -2.53298 2.14331 0 -3.37731
2.14331 0 -3.37731 2.24833 0 -3.30832 1.68625 0 -2.48124
1.60748 0 -2.53298 1.52712 0 -2.58223 2.03617 0 -3.44297
2.03617 0 -3.44297 2.14331 0 -3.37731 1.60748 0 -2.53298
1.52712 0 -2.58223 1.44526 0 -2.62892 1.92701 0 -3.50523
1.92701 0 -3.50523 2.03617 0 -3.44297 1.52712 0 -2.58223
1.44526 0 -2.62892 1.36197 0 -2.67302 1.81596 0 -3.56403
1.81596 0 -3.56403 1.92701 0 -3.50523 1.44526 0 -2.62892
1.36197 0 -2.67302 1.27734 0 -2.71448 1.70312 0 -3.61931
1.70312 0 -3.61931 1.81596 0 -3.56403 1.36197 0 -2.67302
1.27734 0 -2.71448 1.19144 0 -2.75326 1.58859 0 -3.67102
1.58859 0 -3.67102 1.70312 0 -3.61931 1.27734 0 -2.71448
1.19144 0 -2.75326 1.10437 0 -2.78933 1.4725 0 -3.71911
1.4725 0 -3.71911 1.58859 0 -3.67102 1.19144 0 -2.75326
1.10437 0 -2.78933 1.01621 0 -2.82264 1.35495 0 -3.76352
1.35495 0 -3.76352 1.4725 0 -3.71911 1.10437 0 -2.78933
1.01621 0 -2.82264 0.927051 0 -2.85317 1.23607 0 -3.80423
1.23607 0 -3.80423 1.35495 0 -3.76352 1.01621 0 -2.82264
0.927051 0 -2.85317 0.836973 0 -2.88088 1.11596 0 -3.84117
1.11596 0 -3.84117 1.23607 0 -3.80423 0.927051 0 -2.85317
0.836973 0 -2.88088 0.746069 0 -2.90575 0.994759 0 -3.87433
0.994759 0 -3.87433 1.11596 0 -3.84117 0.836973 0 -2.88088
0.746069 0 -2.90575 0.654429 0 -2.92775 0.872573 0 -3.90367
0.872573 0 -3.90367 0.994759 0 -3.87433 0.746069 0 -2.90575
0.654429 0 -2.92775 0.562144 0 -2.94686 0.749525 0 -3.92915
0.749525 0 -3.92915 0.872573 0 -3.90367 0.654429 0 -2.92775
0.562144 0 -2.94686 0.469303 0 -2.96307 0.625737 0 -3.95075
0.625737 0 -3.95075 0.749525 0 -3.92915 0.562144 0 -2.94686
0.469303 0 -2.96307 0.375999 0 -2.97634 0.501332 0 -3.96846
0.501332 0 -3.96846 0.625737 0 -3.95075 0.469303 0 -2.96307
0.375999 0 -2.97634 0.282325 0 -2.98669 0.376433 0 -3.98225
0.376433 0 -3.98225 0.501332 0 -3.96846 0.375999 0 -2.97634
0.282325 0 -2.98669 0.188371 0 -2.99408 0.251162 0 -3.99211
0.251162 0 -3.99211 0.376433 0 -3.98225 0.282325 0 -2.98669
0.188371 0 -2.99408 0.0942318 0 -2.99852 0.125642 0 -3.99803
0.125642 0 -3.99803 0.251162 0 -3.99211 0.188371 0 -2.99408
0.0942322 0 -2.99852 -1.31134e-07 0 -3 -1.74846e-07 0 -4
-1.74846e-07 0 -4 0.125643 0 -3.99803 0.0942322 0 -2.99852
-1.31134e-07 0 -3 -0.0942325 0 -2.99852 -0.125643 0 -3.99803
-0.125643 0 -3.99803 -1.74846e-07 0 -4 -1.31134e-07 0 -3
-0.0942325 0 -2.99852 -0.188372 0 -2.99408 -0.251162 0 -3.99211
-0.251162 0 -3.99211 -0.125643 0 -3.99803 -0.0942325 0 -2.99852
-0.188372 0 -2.99408 -0.282325 0 -2.98669 -0.376434 0 -3.98225
-0.376434 0 -3.98225 -0.251162 0 -3.99211 -0.188372 0 -2.99408
-0.282325 0 -2.98669 -0.376 0 -2.97634 -0.501333 0 -3.96846
-0.501333 0 -3.96846 -0.376434 0 -3.98225 -0.282325 0 -2.98669
-0.376 0 -2.97634 -0.469304 0 -2.96306 -0.625738 0 -3.95075
-0.625738 0 -3.95075 -0.501333 0 -3.96846 -0.376 0 -2.97634
-0.469304 0 -2.96306 -0.562144 0 -2.94686 -0.749526 0 -3.92915
-0.749526 0 -3.92915 -0.625738 0 -3.95075 -0.469304 0 -2.96306
-0.562144 0 -2.94686 -0.65443 0 -2.92775 -0.872573 0 -3.90367
-0.872573 0 -3.90367 -0.749526 0 -3.92915 -0.562144 0 -2.94686
-0.65443 0 -2.92775 -0.74607 0 -2.90575 -0.99476 0 -3.87433
-0.99476 0 -3.87433 -0.872573 0 -3.90367 -0.65443 0 -2.92775
-0.74607 0 -2.90575 -0.836974 0 -2.88088 -1.11597 0 -3.84117
-1.11597 0 -3.84117 -0.99476 0 -3.87433 -0.74607 0 -2.90575
-0.836973 0 -2.88088 -0.927051 0 -2.85317 -1.23607 0 -3.80423
-1.23607 0 -3.80423 -1.11596 0 -3.84117 -0.836973 0 -2.88088
-0.927051 0 -2.85317 -1.01621 0 -2.82264 -1.35495 0 -3.76352
-1.35495 0 -3.76352 -1.23607 0 -3.80423 -0.927051 0 -2.85317
-1.01621 0 -2.82264 -1.10437 0 -2.78933 -1.4725 0 -3.71911
-1.4725 0 -3.71911 -1.35495 0 -3.76352 -1.01621 0 -2.82264
-1.10437 0 -2.78933 -1.19144 0 -2.75326 -1.58859 0 -3.67102
-1.58859 0 -3.67102 -1.4725 0 -3.71911 -1.10437 0 -2.78933
-1.19144 0 -2.75326 -1.27734 0 -2.71448 -1.70312 0 -3.61931
-1.70312 0 -3.61931 -1.58859 0 -3.67102 -1.19144 0 -2.75326
-1.27734 0 -2.71448 -1.36197 0 -2.67302 -1.81596 0 -3.56403
-1.81596 0 -3.56403 -1.70312 0 -3.61931 -1.27734 0 -2.71448
-1.36197 0 -2.67302 -1.44526 0 -2.62892 -1.92702 0 -3.50523
-1.92702 0 -3.50523 -1.81596 0 -3.56403 -1.36197 0 -2.67302
-1.44526 0 -2.62892 -1.52712 0 -2.58223 -2.03617 0 -3.44297
-2.03617 0 -3.44297 -1.92702 0 -3.50523 -1.44526 0 -2.62892
-1.52712 0 -2.58223 -1.60748 0 -2.53298 -2.14331 0 -3.37731
-2.14331 0 -3.37731 -2.03617 0 -3.44297 -1.52712 0 -2.58223
-1.60748 0 -2.53298 -1.68625 0 -2.48124 -2.24833 0 -3.30832
-2.24833 0 -3.30832 -2.14331 0 -3.37731 -1.60748 0 -2.53298
-1.68625 0 -2.48124 -1.76336 0 -2.42705 -2.35114 0 -3.23607
-2.35114 0 -3.23607 -2.24833 0 -3.30832 -1.68625 0 -2.48124
-1.76336 0 -2.42705 -1.83872 0 -2.37046 -2.45163 0 -3.16062
-2.45163 0 -3.16062 -2.35114 0 -3.23607 -1.76336 0 -2.42705
-1.83872 0 -2.37046 -1.91227 0 -2.31154 -2.5497 0 -3.08205
-2.5497 0 -3.08205 -2.45163 0 -3.16062 -1.83872 0 -2.37046
-1.91227 0 -2.31154 -1.98394 0 -2.25033 -2.64525 0 -3.00044
-2.64525 0 -3.00044 -2.5497 0 -3.08205 -1.91227 0 -2.31154
-1.98394 0 -2.25033 -2.05364 0 -2.18691 -2.73819 0 -2.91587
-2.73819 0 -2.91587 -2.64525 0 -3.00044 -1.98394 0 -2.25033
-2.05364 0 -2.18691 -2.12132 0 -2.12132 -2.82843 0 -2.82843
-2.82843 0 -2.82843 -2.73819 0 -2.91587 -2.05364 0 -2.18691
-2.12132 0 -2.12132 -2.18691 0 -2.05364 -2.91587 0 -2.73819
-2.91587 0 -2.73819 -2.82843 0 -2.82843 -2.12132 0 -2.12132
-2.18691 0 -2.05364 -2.25033 0 -1.98394 -3.00044 0 -2.64525
-3.00044 0 -2.64525 -2.91587 0 -2.73819 -2.18691 0 -2.05364
-2.25033 0 -1.98394 -2.31154 0 -1.91227 -3.08205 0 -2.5497
-3.08205 0 -2.5497 -3.00044 0 -2.64525 -2.25033 0 -1.98394
-2.31154 0 -1.91227 -2.37047 0 -1.83872 -3.16062 0 -2.45163
-3.16062 0 -2.45163 -3.08205 0 -2.5497 -2.31154 0 -1.91227
-2.37047 0 -1.83872 -2.42705 0 -1.76336 -3.23607 0 -2.35114
-3.23607 0 -2.35114 -3.16062 0 -2.45163 -2.37047 0 -1.83872
-2.42705 0 -1.76336 -2.48124 0 -1.68625 -3.30832 0 -2.24833
-3.30832 0 -2.24833 -3.23607 0 -2.35114 -2.42705 0 -1.76336
-2.48124 0 -1.68625 -2.53298 0 -1.60748 -3.37731 0 -2.14331
-3.37731 0 -2.14331 -3.30832 0 -2.24833 -2.48124 0 -1.68625
-2.53298 0 -1.60748 -2.58223 0 -1.52712 -3.44297 0 -2.03617
-3.44297 0 -2.03617 -3.37731 0 -2.14331 -2.53298 0 -1.60748
-2.58223 0 -1.52712 -2.62892 0 -1.44526 -3.50523 0 -1.92701
-3.50523 0 -1.92701 -3.44297 0 -2.03617 -2.58223 0 -1.52712
-2.62892 0 -1.44526 -2.67302 0 -1.36197 -3.56403 0 -1.81596
-3.56403 0 -1.81596 -3.50523 0 -1.92701 -2.62892 0 -1.44526
-2.67302 0 -1.36197 -2.71448 0 -1.27734 -3.61931 0 -1.70312
-3.61931 0 -1.70312 -3.56403 0 -1.81596 -2.67302 0 -1.36197
-2.71448 0 -1.27734 -2.75326 0 -1.19144 -3.67102 0 -1.58859
-3.67102 0 -1.58859 -3.61931 0 -1.70312 -2.71448 0 -1.27734
-2.75326 0 -1.19144 -2.78933 0 -1.10437 -3.71911 0 -1.4725
-3.71911 0 -1.4725 -3.67102 0 -1.58859 -2.75326 0 -1.19144
-2.78933 0 -1.10437 -2.82264 0 -1.01621 -3.76352 0 -1.35495
-3.76352 0 -1.35495 -3.71911 0 -1.4725 -2.78933 0 -1.10437
-2.82264 0 -1.01621 -2.85317 0 -0.92705 -3.80423 0 -1.23607
-3.80423 0 -1.23607 -3.76352 0 -1.35495 -2.82264 0 -1.01621
-2.85317 0 -0.92705 -2.88088 0 -0.836973 -3.84118 0 -1.11596
-3.84118 0 -1.11596 -3.80423 0 -1.23607 -2.85317 0 -0.92705
-2.88088 0 -0.836973 -2.90575 0 -0.746069 -3.87433 0 -0.994759
-3.87433 0 -0.994759 -3.84118 0 -1.11596 -2.88088 0 -0.836973
-2.90575 0 -0.746069 -2.92775 0 -0.654429 -3.90367 0 -0.872572
-3.90367 0 -0.872572 -3.87433 0 -0.994759 -2.90575 0 -0.746069
-2.92775 0 -0.654429 -2.94686 0 -0.562143 -3.92915 0 -0.749524
-3.92915 0 -0.749524 -3.90367 0 -0.872572 -2.92775 0 -0.654429
-2.94686 0 -0.562143 -2.96307 0 -0.469303 -3.95075 0 -0.625737
-3.95075 0 -0.625737 -3.92915 0 -0.749524 -2.94686 0 -0.562143
-2.96307 0 -0.469303 -2.97634 0 -0.375999 -3.96846 0 -0.501332
-3.96846 0 -0.501332 -3.95075 0 -0.625737 -2.96307 0 -0.469303
-2.97634 0 -0.375999 -2.98669 0 -0.282324 -3.98225 0 -0.376432
-3.98225 0 -0.376432 -3.96846 0 -0.501332 -2.97634 0 -0.375999
-2.98669 0 -0.282325 -2.99408 0 -0.188371 -3.99211 0 -0.251162
-3.99211 0 -0.251162 -3.98225 0 -0.376433 -2.98669 0 -0.282325
-2.99408 0 -0.188371 -2.99852 0 -0.0942321 -3.99803 0 -0.125643
-3.99803 0 -0.125643 -3.99211 0 -0.251162 -2.99408 0 -0.188371
-2.99852 0 -0.0942321 -3 0 2.62268e-07 -4 0 3.49691e-07
-4 0 3.49691e-07 -3.99803 0 -0.125643 -2.99852 0 -0.0942321
-3 0 2.62268e-07 -2.99852 0 0.0942326 -3.99803 0 0.125643
-3.99803 0 0.125643 -4 0 3.49691e-07 -3 0 2.62268e-07
-2.99852 0 0.0942326 -2.99408 0 0.188372 -3.99211 0 0.251163
-3.99211 0 0.251163 -3.99803 0 0.125643 -2.99852 0 0.0942326
-2.99408 0 0.188372 -2.98669 0 0.282325 -3.98225 0 0.376434
-3.98225 0 0.376434 -3.99211 0 0.251163 -2.99408 0 0.188372
-2.98669 0 0.282325 -2.97634 0 0.376 -3.96846 0 0.501333
-3.96846 0 0.501333 -3.98225 0 0.376434 -2.98669 0 0.282325
-2.97634 0 0.376 -2.96306 0 0.469304 -3.95075 0 0.625738
-3.95075 0 0.625738 -3.96846 0 0.501333 -2.97634 0 0.376
-2.96306 0 0.469304 -2.94686 0 0.562144 -3.92915 0 0.749526
-3.92915 0 0.749526 -3.95075 0 0.625738 -2.96306 0 0.469304
-2.94686 0 0.562144 -2.92775 0 0.65443 -3.90367 0 0.872574
-3.90367 0 0.872574 -3.92915 0 0.749526 -2.94686 0 0.562144
-2.92775 0 0.65443 -2.90575 0 0.74607 -3.87433 0 0.99476
-3.87433 0 0.99476 -3.90367 0 0.872574 -2.92775 0 0.65443
-2.90575 0 0.74607 -2.88088 0 0.836974 -3.84117 0 1.11597
-3.84117 0 1.11597 -3.87433 0 0.99476 -2.90575 0 0.74607
-2.88088 0 0.836974 -2.85317 0 0.927052 -3.80423 0 1.23607
-3.80423 0 1.23607 -3.84117 0 1.11597 -2.88088 0 0.836974
-2.85317 0 0.927052 -2.82264 0 1.01621 -3.76352 0 1.35495
-3.76352 0 1.35495 -3.80423 0 1.23607 -2.85317 0 0.927052
-2.82264 0 1.01621 -2.78933 0 1.10437 -3.71911 0 1.4725
-3.71911 0 1.4725 -3.76352 0 1.35495 -2.82264 0 1.01621
-2.78933 0 1.10437 -2.75326 0 1.19144 -3.67102 0 1.58859
-3.67102 0 1.58859 -3.71911 0 1.4725 -2.78933 0 1.10437
-2.75326 0 1.19144 -2.71448 0 1.27734 -3.61931 0 1.70312
-3.61931 0 1.70312 -3.67102 0 1.58859 -2.75326 0 1.19144
-2.71448 0 1.27734 -2.67302 0 1.36197 -3.56403 0 1.81596
-3.56403 0 1.81596 -3.61931 0 1.70312 -2.71448 0 1.27734
-2.67302 0 1.36197 -2.62892 0 1.44526 -3.50523 0 1.92702
-3.50523 0 1.92702 -3.56403 0 1.81596 -2.67302 0 1.36197
-2.62892 0 1.44526 -2.58223 0 1.52713 -3.44297 0 2.03617
-3.44297 0 2.03617 -3.50523 0 1.92702 -2.62892 0 1.44526
-2.58223 0 1.52713 -2.53298 0 1.60748 -3.37731 0 2.14331
-3.37731 0 2.14331 -3.44297 0 2.03617 -2.58223 0 1.52713
-2.53298 0 1.60748 -2.48124 0 1.68625 -3.30832 0 2.24833
-3.30832 0 2.24833 -3.37731 0 2.14331 -2.53298 0 1.60748
-2.48124 0 1.68625 -2.42705 0 1.76336 -3.23607 0 2.35114
-3.23607 0 2.35114 -3.30832 0 2.24833 -2.48124 0 1.68625
-2.42705 0 1.76336 -2.37046 0 1.83872 -3.16062 0 2.45163
-3.16062 0 2.45163 -3.23607 0 2.35114 -2.42705 0 1.76336
-2.37046 0 1.83872 -2.31154 0 1.91227 -3.08205 0 2.5497
-3.08205 0 2.5497 -3.16062 0 2.45163 -2.37046 0 1.83872
-2.31154 0 1.91227 -2.25033 0 1.98394 -3.00044 0 2.64525
-3.00044 0 2.64525 -3.08205 0 2.5497 -2.31154 0 1.91227
-2.25033 0 1.98394 -2.18691 0 2.05364 -2.91587 0 2.73819
-2.91587 0 2.73819 -3.00044 0 2.64525 -2.25033 0 1.98394
-2.18691 0 2.05364 -2.12132 0 2.12132 -2.82843 0 2.82843
-2.82843 0 2.82843 -2.91587 0 2.73819 -2.18691 0 2.05364
-2.12132 0 2.12132 -2.05364 0 2.18691 -2.73819 0 2.91587
-2.73819 0 2.91587 -2.82843 0 2.82843 -2.12132 0 2.12132
-2.05364 0 2.18691 -1.98394 0 2.25033 -2.64525 0 3.00044
-2.64525 0 3.00044 -2.73819 0 2.91587 -2.05364 0 2.18691
-1.98394 0 2.25033 -1.91227 0 2.31154 -2.5497 0 3.08205
-2.5497 0 3.08205 -2.64525 0 3.00044 -1.98394 0 2.25033
-1.91227 0 2.31154 -1.83872 0 2.37047 -2.45163 0 3.16062
-2.45163 0 3.16062 -2.5497 0 3.08205 -1.91227 0 2.31154
-1.83872 0 2.37047 -1.76336 0 2.42705 -2.35114 0 3.23607
-2.35114 0 3.23607 -2.45163 0 3.16062 -1.83872 0 2.37047
-1.76336 0 2.42705 -1.68625 0 2.48124 -2.24833 0 3.30832
-2.24833 0 3.30832 -2.35114 0 3.23607 -1.76336 0 2.42705
-1.68625 0 2.48124 -1.60748 0 2.53298 -2.14331 0 3.37731
-2.14331 0 3.37731 -2.24833 0 3.30832 -1.68625 0 2.48124
-1.60748 0 2.53298 -1.52712 0 2.58223 -2.03616 0 3.44297
-2.03616 0 3.44297 -2.14331 0 3.37731 -1.60748 0 2.53298
-1.52712 0 2.58223 -1.44526 0 2.62892 -1.92701 0 3.50523
-1.92701 0 3.50523 -2.03616 0 3.44297 -1.52712 0 2.58223
-1.44526 0 2.62892 -1.36197 0 2.67302 -1.81596 0 3.56403
-1.81596 0 3.56403 -1.92701 0 3.50523 -1.44526 0 2.62892
-1.36197 0 2.67302 -1.27734 0 2.71448 -1.70312 0 3.61931
-1.70312 0 3.61931 -1.81596 0 3.56403 -1.36197 0 2.67302
-1.27734 0 2.71448 -1.19144 0 2.75326 -1.58859 0 3.67102
-1.58859 0 3.67102 -1.70312 0 3.61931 -1.27734 0 2.71448
-1.19144 0 2.75326 -1.10437 0 2.78933 -1.4725 0 3.71911
-1.4725 0 3.71911 -1.58859 0 3.67102 -1.19144 0 2.75326
-1.10437 0 2.78933 -1.01621 0 2.82264 -1.35495 0 3.76352
-1.35495 0 3.76352 -1.4725 0 3.71911 -1.10437 0 2.78933
-1.01621 0 2.82264 -0.92705 0 2.85317 -1.23607 0 3.80423
-1.23607 0 3.80423 -1.35495 0 3.76352 -1.01621 0 2.82264
-0.92705 0 2.85317 -0.836972 0 2.88088 -1.11596 0 3.84118
-1.11596 0 3.84118 -1.23607 0 3.80423 -0.92705 0 2.85317
-0.836972 0 2.88088 -0.746069 0 2.90575 -0.994758 0 3.87433
-0.994758 0 3.87433 -1.11596 0 3.84118 -0.836972 0 2.88088
-0.746069 0 2.90575 -0.654429 0 2.92775 -0.872571 0 3.90367
-0.872571 0 3.90367 -0.994758 0 3.87433 -0.746069 0 2.90575
-0.654429 0 2.92775 -0.562143 0 2.94686 -0.749524 0 3.92915
-0.749524 0 3.92915 -0.872571 0 3.90367 -0.654429 0 2.92775
-0.562143 0 2.94686 -0.469302 0 2.96307 -0.625736 0 3.95075
-0.625736 0 3.95075 -0.749524 0 3.92915 -0.562143 0 2.94686
-0.469302 0 2.96307 -0.375998 0 2.97634 -0.501331 0 3.96846
-0.501331 0 3.96846 -0.625736 0 3.95075 -0.469302 0 2.96307
-0.375998 0 2.97634 -0.282324 0 2.98669 -0.376431 0 3.98225
-0.376431 0 3.98225 -0.501331 0 3.96846 -0.375998 0 2.97634
-0.282324 0 2.98669 -0.18837 0 2.99408 -0.25116 0 3.99211
-0.25116 0 3.99211 -0.376431 0 3.98225 -0.282324 0 2.98669
-0.18837 0 2.99408 -0.0942309 0 2.99852 -0.125641 0 3.99803
-0.125641 0 3.99803 -0.25116 0 3.99211 -0.18837 0 2.99408
-0.0942309 0 2.99852 1.46629e-06 0 3 1.95505e-06 0 4
1.95505e-06 0 4 -0.125641 0 3.99803 -0.0942309 0 2.99852
3.57746e-08 0 3 0.0942324 0 2.99852 0.125643 0 3.99803
0.125643 0 3.99803 4.76995e-08 0 4 3.57746e-08 0 3
0.0942324 0 2.99852 0.188372 0 2.99408 0.251162 0 3.99211
0.251162 0 3.99211 0.125643 0 3.99803 0.0942324 0 2.99852
0.188372 0 2.99408 0.282325 0 2.98669 0.376433 0 3.98225
0.376433 0 3.98225 0.251162 0 3.99211 0.188372 0 2.99408
0.282325 0 2.98669 0.376 0 2.97634 0.501333 0 3.96846
0.501333 0 3.96846 0.376433 0 3.98225 0.282325 0 2.98669
0.376 0 2.97634 0.469304 0 2.96306 0.625738 0 3.95075
0.625738 0 3.95075 0.501333 0 3.96846 0.376 0 2.97634
0.469304 0 2.96306 0.562144 0 2.94686 0.749526 0 3.92915
0.749526 0 3.92915 0.625738 0 3.95075 0.469304 0 2.96306
0.562144 0 2.94686 0.65443 0 2.92775 0.872573 0 3.90367
0.872573 0 3.90367 0.749526 0 3.92915 0.562144 0 2.94686
0.65443 0 2.92775 0.74607 0 2.90575 0.99476 0 3.87433
0.99476 0 3.87433 0.872573 0 3.90367 0.65443 0 2.92775
0.74607 0 2.90575 0.836974 0 2.88088 1.11596 0 3.84117
1.11596 0 3.84117 0.99476 0 3.87433 0.74607 0 2.90575
0.836974 0 2.88088 0.927051 0 2.85317 1.23607 0 3.80423
1.23607 0 3.80423 1.11596 0 3.84117 0.836974 0 2.88088
0.927051 0 2.85317 1.01621 0 2.82264 1.35495 0 3.76352
1.35495 0 3.76352 1.23607 0 3.80423 0.927051 0 2.85317
1.01621 0 2.82264 1.10437 0 2.78933 1.4725 0 3.71911
1.4725 0 3.71911 1.35495 0 3.76352 1.01621 0 2.82264
1.10437 0 2.78933 1.19144 0 2.75326 1.58859 0 3.67102
1.58859 0 3.67102 1.4725 0 3.71911 1.10437 0 2.78933
1.19144 0 2.75326 1.27734 0 2.71448 1.70312 0 3.61931
1.70312 0 3.61931 1.58859 0 3.67102 1.19144 0 2.75326
1.27734 0 2.71448 1.36197 0 2.67302 1.81596 0 3.56403
1.81596 0 3.56403 1.70312 0 3.61931 1.27734 0 2.71448
1.36197 0 2.67302 1.44526 0 2.62892 1.92702 0 3.50523
1.92702 0 3.50523 1.81596 0 3.56403 1.36197 0 2.67302
1.44526 0 2.62892 1.52712 0 2.58223 2.03617 0 3.44297
2.03617 0 3.44297 1.92702 0 3.50523 1.44526 0 2.62892
1.52712 0 2.58223 1.60748 0 2.53298 2.14331 0 3.37731
2.14331 0 3.37731 2.03617 0 3.44297 1.52712 0 2.58223
1.60748 0 2.53298 1.68625 0 2.48124 2.24833 0 3.30832
2.24833 0 3.30832 2.14331 0 3.37731 1.60748 0 2.53298
1.68625 0 2.48124 1.76336 0 2.42705 2.35114 0 3.23607
2.35114 0 3.23607 2.24833 0 3.30832 1.68625 0 2.48124
1.76336 0 2.42705 1.83872 0 2.37046 2.45163 0 3.16062
2.45163 0 3.16062 2.35114 0 3.23607 1.76336 0 2.42705
1.83872 0 2.37046 1.91227 0 2.31154 2.5497 0 3.08205
2.5497 0 3.08205 2.45163 0 3.16062 1.83872 0 2.37046
1.91227 0 2.31154 1.98394 0 2.25033 2.64525 0 3.00044
2.64525 0 3.00044 2.5497 0 3.08205 1.91227 0 2.31154
1.98394 0 2.25033 2.05364 0 2.18691 2.73819 0 2.91587
2.73819 0 2.91587 2.64525 0 3.00044 1.98394 0 2.25033
2.05364 0 2.18691 2.12132 0 2.12132 2.82843 0 2.82843
2.82843 0 2.82843 2.73819 0 2.91587 2.05364 0 2.18691
2.12132 0 2.12132 2.18691 0 2.05364 2.91588 0 2.73819
2.91588 0 2.73819 2.82843 0 2.82843 2.12132 0 2.12132
2.18691 0 2.05364 2.25033 0 1.98393 3.00045 0 2.64525
3.00045 0 2.64525 2.91588 0 2.73819 2.18691 0 2.05364
2.25033 0 1.98393 2.31154 0 1.91227 3.08205 0 2.54969
3.08205 0 2.54969 3.00045 0 2.64525 2.25033 0 1.98393
2.31154 0 1.91227 2.37047 0 1.83872 3.16062 0 2.45163
3.16062 0 2.45163 3.08205 0 2.54969 2.31154 0 1.91227
2.37047 0 1.83872 2.42705 0 1.76335 3.23607 0 2.35114
3.23607 0 2.35114 3.16062 0 2.45163 2.37047 0 1.83872
2.42705 0 1.76335 2.48124 0 1.68625 3.30832 0 2.24833
3.30832 0 2.24833 3.23607 0 2.35114 2.42705 0 1.76335
2.48124 0 1.68625 2.53298 0 1.60748 3.37731 0 2.14331
3.37731 0 2.14331 3.30832 0 2.24833 2.48124 0 1.68625
2.53298 0 1.60748 2.58223 0 1.52712 3.44297 0 2.03616
3.44297 0 2.03616 3.37731 0 2.14331 2.53298 0 1.60748
2.58223 0 1.52712 2.62892 0 1.44526 3.50523 0 1.92701
3.50523 0 1.92701 3.44297 0 2.03616 2.58223 0 1.52712
2.62892 0 1.44526 2.67302 0 1.36197 3.56403 0 1.81596
3.56403 0 1.81596 3.50523 0 1.92701 2.62892 0 1.44526
2.67302 0 1.36197 2.71448 0 1.27734 3.61931 0 1.70312
3.61931 0 1.70312 3.56403 0 1.81596 2.67302 0 1.36197
2.71448 0 1.27734 2.75326 0 1.19144 3.67102 0 1.58859
3.67102 0 1.58859 3.61931 0 1.70312 2.71448 0 1.27734
2.75326 0 1.19144 2.78933 0 1.10437 3.71911 0 1.4725
3.71911 0 1.4725 3.67102 0 1.58859 2.75326 0 1.19144
2.78933 0 1.10437 2.82264 0 1.01621 3.76352 0 1.35495
3.76352 0 1.35495 3.71911 0 1.4725 2.78933 0 1.10437
2.82264 0 1.01621 2.85317 0 0.92705 3.80423 0 1.23607
3.80423 0 1.23607 3.76352 0 1.35495 2.82264 0 1.01621
2.85317 0 0.92705 2.88088 0 0.836972 3.84118 0 1.11596
3.84118 0 1.11596 3.80423 0 1.23607 2.85317 0 0.92705
2.88088 0 0.836972 2.90575 0 0.746068 3.87433 0 0.994757
3.87433 0 0.994757 3.84118 0 1.11596 2.88088 0 0.836972
2.90575 0 0.746068 2.92775 0 0.654428 3.90367 0 0.872571
3.90367 0 0.872571 3.87433 0 0.994757 2.90575 0 0.746068
2.92775 0 0.654429 2.94686 0 0.562144 3.92915 0 0.749525
3.92915 0 0.749525 3.90367 0 0.872573 2.92775 0 0.654429
2.94686 0 0.562144 2.96307 0 0.469303 3.95075 0 0.625737
3.95075 0 0.625737 3.92915 0 0.749525 2.94686 0 0.562144
2.96307 0 0.469303 2.97634 0 0.375999 3.96846 0 0.501332
3.96846 0 0.501332 3.95075 0 0.625737 2.96307 0 0.469303
2.97634 0 0.375999 2.98669 0 0.282325 3.98225 0 0.376433
3.98225 0 0.376433 3.96846 0 0.501332 2.97634 0 0.375999
2.98669 0 0.282325 2.99408 0 0.188371 3.99211 0 0.251161
3.99211 0 0.251161 3.98225 0 0.376433 2.98669 0 0.282325
2.99408 0 0.188371 2.99852 0 0.0942318 3.99803 0 0.125642
3.99803 0 0.125642 3.99211 0 0.251161 2.99408 0 0.188371
2.99852 0 0.0942318 3 0 -5.24537e-07 4 0 -6.99382e-07
4 0 -6.99382e-07 3.99803 0 0.125642 2.99852 0 0.0942318
