820
0 0 5 0 0 0 1.54508 0 4.75528 0 0 0 0 0 0 0 0 0 0 0 0 0 0 0
1.54508 0 4.75528 0 0 0 2.93893 0 4.04508 0 0 0 0 0 0 0 0 0 0 0 0 0 0 0
2.93893 0 4.04508 0 0 0 4.04508 0 2.93893 0 0 0 0 0 0 0 0 0 0 0 0 0 0 0
4.04508 0 2.93893 0 0 0 4.75528 0 1.54508 0 0 0 0 0 0 0 0 0 0 0 0 0 0 0
4.75528 0 1.54508 0 0 0 5 0 -2.18557e-07 0 0 0 0 0 0 0 0 0 0 0 0 0 0 0
5 0 -2.18557e-07 0 0 0 4.75528 0 -1.54509 0 0 0 0 0 0 0 0 0 0 0 0 0 0 0
4.75528 0 -1.54509 0 0 0 4.04508 0 -2.93893 0 0 0 0 0 0 0 0 0 0 0 0 0 0 0
4.04508 0 -2.93893 0 0 0 2.93893 0 -4.04509 0 0 0 0 0 0 0 0 0 0 0 0 0 0 0
2.93893 0 -4.04509 0 0 0 1.54508 0 -4.75528 0 0 0 0 0 0 0 0 0 0 0 0 0 0 0
1.54508 0 -4.75528 0 0 0 -4.37114e-07 0 -5 0 0 0 0 0 0 0 0 0 0 0 0 0 0 0
-4.37114e-07 0 -5 0 0 0 -1.54508 0 -4.75528 0 0 0 0 0 0 0 0 0 0 0 0 0 0 0
-1.54508 0 -4.75528 0 0 0 -2.93893 0 -4.04508 0 0 0 0 0 0 0 0 0 0 0 0 0 0 0
-2.93893 0 -4.04508 0 0 0 -4.04509 0 -2.93893 0 0 0 0 0 0 0 0 0 0 0 0 0 0 0
-4.04509 0 -2.93893 0 0 0 -4.75528 0 -1.54509 0 0 0 0 0 0 0 0 0 0 0 0 0 0 0
-4.75528 0 -1.54509 0 0 0 -5 0 5.96244e-08 0 0 0 0 0 0 0 0 0 0 0 0 0 0 0
-5 0 5.96244e-08 0 0 0 -4.75528 0 1.54509 0 0 0 0 0 0 0 0 0 0 0 0 0 0 0
-4.75528 0 1.54509 0 0 0 -4.04508 0 2.93893 0 0 0 0 0 0 0 0 0 0 0 0 0 0 0
-4.04508 0 2.93893 0 0 0 -2.93892 0 4.04509 0 0 0 0 0 0 0 0 0 0 0 0 0 0 0
-2.93892 0 4.04509 0 0 0 -1.54508 0 4.75528 0 0 0 0 0 0 0 0 0 0 0 0 0 0 0
-1.54508 0 4.75528 0 0 0 8.74228e-07 0 5 0 0 0 0 0 0 0 0 0 0 0 0 0 0 0
0 0.5 4.75 0 0 5 1.54508 0 4.75528 0 0 0 0 0 0 0 0 0 0 0 0 0 0 0
0 0.5 4.75 1.54508 0 4.75528 1.46783 0.5 4.51752 0 0 0 0 0 0 0 0 0 0 0 0 0 0 0
1.46783 0.5 4.51752 1.54508 0 4.75528 2.93893 0 4.04508 0 0 0 0 0 0 0 0 0 0 0 0 0 0 0
1.46783 0.5 4.51752 2.93893 0 4.04508 2.79198 0.5 3.84283 0 0 0 0 0 0 0 0 0 0 0 0 0 0 0
2.79198 0.5 3.84283 2.93893 0 4.04508 4.04508 0 2.93893 0 0 0 0 0 0 0 0 0 0 0 0 0 0 0
2.79198 0.5 3.84283 4.04508 0 2.93893 3.84283 0.5 2.79198 0 0 0 0 0 0 0 0 0 0 0 0 0 0 0
3.84283 0.5 2.79198 4.04508 0 2.93893 4.75528 0 1.54508 0 0 0 0 0 0 0 0 0 0 0 0 0 0 0
3.84283 0.5 2.79198 4.75528 0 1.54508 4.51752 0.5 1.46783 0 0 0 0 0 0 0 0 0 0 0 0 0 0 0
4.51752 0.5 1.46783 4.75528 0 1.54508 5 0 -2.18557e-07 0 0 0 0 0 0 0 0 0 0 0 0 0 0 0
4.51752 0.5 1.46783 5 0 -2.18557e-07 4.75 0.5 -2.07629e-07 0 0 0 0 0 0 0 0 0 0 0 0 0 0 0
4.75 0.5 -2.07629e-07 5 0 -2.18557e-07 4.75528 0 -1.54509 0 0 0 0 0 0 0 0 0 0 0 0 0 0 0
4.75 0.5 -2.07629e-07 4.75528 0 -1.54509 4.51752 0.5 -1.46783 0 0 0 0 0 0 0 0 0 0 0 0 0 0 0
4.51752 0.5 -1.46783 4.75528 0 -1.54509 4.04508 0 -2.93893 0 0 0 0 0 0 0 0 0 0 0 0 0 0 0
4.51752 0.5 -1.46783 4.04508 0 -2.93893 3.84283 0.5 -2.79198 0 0 0 0 0 0 0 0 0 0 0 0 0 0 0
3.84283 0.5 -2.79198 4.04508 0 -2.93893 2.93893 0 -4.04509 0 0 0 0 0 0 0 0 0 0 0 0 0 0 0
3.84283 0.5 -2.79198 2.93893 0 -4.04509 2.79198 0.5 -3.84283 0 0 0 0 0 0 0 0 0 0 0 0 0 0 0
2.79198 0.5 -3.84283 2.93893 0 -4.04509 1.54508 0 -4.75528 0 0 0 0 0 0 0 0 0 0 0 0 0 0 0
2.79198 0.5 -3.84283 1.54508 0 -4.75528 1.46783 0.5 -4.51752 0 0 0 0 0 0 0 0 0 0 0 0 0 0 0
1.46783 0.5 -4.51752 1.54508 0 -4.75528 -4.37114e-07 0 -5 0 0 0 0 0 0 0 0 0 0 0 0 0 0 0
1.46783 0.5 -4.51752 -4.37114e-07 0 -5 -4.15258e-07 0.5 -4.75 0 0 0 0 0 0 0 0 0 0 0 0 0 0 0
-4.15258e-07 0.5 -4.75 -4.37114e-07 0 -5 -1.54508 0 -4.75528 0 0 0 0 0 0 0 0 0 0 0 0 0 0 0
-4.15258e-07 0.5 -4.75 -1.54508 0 -4.75528 -1.46783 0.5 -4.51752 0 0 0 0 0 0 0 0 0 0 0 0 0 0 0
-1.46783 0.5 -4.51752 -1.54508 0 -4.75528 -2.93893 0 -4.04508 0 0 0 0 0 0 0 0 0 0 0 0 0 0 0
-1.46783 0.5 -4.51752 -2.93893 0 -4.04508 -2.79198 0.5 -3.84283 0 0 0 0 0 0 0 0 0 0 0 0 0 0 0
-2.79198 0.5 -3.84283 -2.93893 0 -4.04508 -4.04509 0 -2.93893 0 0 0 0 0 0 0 0 0 0 0 0 0 0 0
-2.79198 0.5 -3.84283 -4.04509 0 -2.93893 -3.84283 0.5 -2.79198 0 0 0 0 0 0 0 0 0 0 0 0 0 0 0
-3.84283 0.5 -2.79198 -4.04509 0 -2.93893 -4.75528 0 -1.54509 0 0 0 0 0 0 0 0 0 0 0 0 0 0 0
-3.84283 0.5 -2.79198 -4.75528 0 -1.54509 -4.51752 0.5 -1.46783 0 0 0 0 0 0 0 0 0 0 0 0 0 0 0
-4.51752 0.5 -1.46783 -4.75528 0 -1.54509 -5 0 5.96244e-08 0 0 0 0 0 0 0 0 0 0 0 0 0 0 0
-4.51752 0.5 -1.46783 -5 0 5.96244e-08 -4.75 0.5 5.66432e-08 0 0 0 0 0 0 0 0 0 0 0 0 0 0 0
-4.75 0.5 5.66432e-08 -5 0 5.96244e-08 -4.75528 0 1.54509 0 0 0 0 0 0 0 0 0 0 0 0 0 0 0
-4.75 0.5 5.66432e-08 -4.75528 0 1.54509 -4.51752 0.5 1.46783 0 0 0 0 0 0 0 0 0 0 0 0 0 0 0
-4.51752 0.5 1.46783 -4.75528 0 1.54509 -4.04508 0 2.93893 0 0 0 0 0 0 0 0 0 0 0 0 0 0 0
-4.51752 0.5 1.46783 -4.04508 0 2.93893 -3.84283 0.5 2.79198 0 0 0 0 0 0 0 0 0 0 0 0 0 0 0
-3.84283 0.5 2.79198 -4.04508 0 2.93893 -2.93892 0 4.04509 0 0 0 0 0 0 0 0 0 0 0 0 0 0 0
-3.84283 0.5 2.79198 -2.93892 0 4.04509 -2.79198 0.5 3.84283 0 0 0 0 0 0 0 0 0 0 0 0 0 0 0
-2.79198 0.5 3.84283 -2.93892 0 4.04509 -1.54508 0 4.75528 0 0 0 0 0 0 0 0 0 0 0 0 0 0 0
-2.79198 0.5 3.84283 -1.54508 0 4.75528 -1.46783 0.5 4.51752 0 0 0 0 0 0 0 0 0 0 0 0 0 0 0
-1.46783 0.5 4.51752 -1.54508 0 4.75528 8.74228e-07 0 5 0 0 0 0 0 0 0 0 0 0 0 0 0 0 0
-1.46783 0.5 4.51752 8.74228e-07 0 5 8.30516e-07 0.5 4.75 0 0 0 0 0 0 0 0 0 0 0 0 0 0 0
0 1 4.5 0 0.5 4.75 1.46783 0.5 4.51752 0 0 0 0 0 0 0 0 0 0 0 0 0 0 0
0 1 4.5 1.46783 0.5 4.51752 1.39058 1 4.27975 0 0 0 0 0 0 0 0 0 0 0 0 0 0 0
1.39058 1 4.27975 1.46783 0.5 4.51752 2.79198 0.5 3.84283 0 0 0 0 0 0 0 0 0 0 0 0 0 0 0
1.39058 1 4.27975 2.79198 0.5 3.84283 2.64503 1 3.64058 0 0 0 0 0 0 0 0 0 0 0 0 0 0 0
2.64503 1 3.64058 2.79198 0.5 3.84283 3.84283 0.5 2.79198 0 0 0 0 0 0 0 0 0 0 0 0 0 0 0
2.64503 1 3.64058 3.84283 0.5 2.79198 3.64058 1 2.64503 0 0 0 0 0 0 0 0 0 0 0 0 0 0 0
3.64058 1 2.64503 3.84283 0.5 2.79198 4.51752 0.5 1.46783 0 0 0 0 0 0 0 0 0 0 0 0 0 0 0
3.64058 1 2.64503 4.51752 0.5 1.46783 4.27975 1 1.39058 0 0 0 0 0 0 0 0 0 0 0 0 0 0 0
4.27975 1 1.39058 4.51752 0.5 1.46783 4.75 0.5 -2.07629e-07 0 0 0 0 0 0 0 0 0 0 0 0 0 0 0
4.27975 1 1.39058 4.75 0.5 -2.07629e-07 4.5 1 -1.96701e-07 0 0 0 0 0 0 0 0 0 0 0 0 0 0 0
4.5 1 -1.96701e-07 4.75 0.5 -2.07629e-07 4.51752 0.5 -1.46783 0 0 0 0 0 0 0 0 0 0 0 0 0 0 0
4.5 1 -1.96701e-07 4.51752 0.5 -1.46783 4.27975 1 -1.39058 0 0 0 0 0 0 0 0 0 0 0 0 0 0 0
4.27975 1 -1.39058 4.51752 0.5 -1.46783 3.84283 0.5 -2.79198 0 0 0 0 0 0 0 0 0 0 0 0 0 0 0
4.27975 1 -1.39058 3.84283 0.5 -2.79198 3.64058 1 -2.64503 0 0 0 0 0 0 0 0 0 0 0 0 0 0 0
3.64058 1 -2.64503 3.84283 0.5 -2.79198 2.79198 0.5 -3.84283 0 0 0 0 0 0 0 0 0 0 0 0 0 0 0
3.64058 1 -2.64503 2.79198 0.5 -3.84283 2.64503 1 -3.64058 0 0 0 0 0 0 0 0 0 0 0 0 0 0 0
2.64503 1 -3.64058 2.79198 0.5 -3.84283 1.46783 0.5 -4.51752 0 0 0 0 0 0 0 0 0 0 0 0 0 0 0
2.64503 1 -3.64058 1.46783 0.5 -4.51752 1.39058 1 -4.27975 0 0 0 0 0 0 0 0 0 0 0 0 0 0 0
1.39058 1 -4.27975 1.46783 0.5 -4.51752 -4.15258e-07 0.5 -4.75 0 0 0 0 0 0 0 0 0 0 0 0 0 0 0
1.39058 1 -4.27975 -4.15258e-07 0.5 -4.75 -3.93403e-07 1 -4.5 0 0 0 0 0 0 0 0 0 0 0 0 0 0 0
-3.93403e-07 1 -4.5 -4.15258e-07 0.5 -4.75 -1.46783 0.5 -4.51752 0 0 0 0 0 0 0 0 0 0 0 0 0 0 0
-3.93403e-07 1 -4.5 -1.46783 0.5 -4.51752 -1.39058 1 -4.27975 0 0 0 0 0 0 0 0 0 0 0 0 0 0 0
-1.39058 1 -4.27975 -1.46783 0.5 -4.51752 -2.79198 0.5 -3.84283 0 0 0 0 0 0 0 0 0 0 0 0 0 0 0
-1.39058 1 -4.27975 -2.79198 0.5 -3.84283 -2.64503 1 -3.64058 0 0 0 0 0 0 0 0 0 0 0 0 0 0 0
-2.64503 1 -3.64058 -2.79198 0.5 -3.84283 -3.84283 0.5 -2.79198 0 0 0 0 0 0 0 0 0 0 0 0 0 0 0
-2.64503 1 -3.64058 -3.84283 0.5 -2.79198 -3.64058 1 -2.64503 0 0 0 0 0 0 0 0 0 0 0 0 0 0 0
-3.64058 1 -2.64503 -3.84283 0.5 -2.79198 -4.51752 0.5 -1.46783 0 0 0 0 0 0 0 0 0 0 0 0 0 0 0
-3.64058 1 -2.64503 -4.51752 0.5 -1.46783 -4.27975 1 -1.39058 0 0 0 0 0 0 0 0 0 0 0 0 0 0 0
-4.27975 1 -1.39058 -4.51752 0.5 -1.46783 -4.75 0.5 5.66432e-08 0 0 0 0 0 0 0 0 0 0 0 0 0 0 0
-4.27975 1 -1.39058 -4.75 0.5 5.66432e-08 -4.5 1 5.3662e-08 0 0 0 0 0 0 0 0 0 0 0 0 0 0 0
-4.5 1 5.3662e-08 -4.75 0.5 5.66432e-08 -4.51752 0.5 1.46783 0 0 0 0 0 0 0 0 0 0 0 0 0 0 0
-4.5 1 5.3662e-08 -4.51752 0.5 1.46783 -4.27975 1 1.39058 0 0 0 0 0 0 0 0 0 0 0 0 0 0 0
-4.27975 1 1.39058 -4.51752 0.5 1.46783 -3.84283 0.5 2.79198 0 0 0 0 0 0 0 0 0 0 0 0 0 0 0
-4.27975 1 1.39058 -3.84283 0.5 2.79198 -3.64058 1 2.64503 0 0 0 0 0 0 0 0 0 0 0 0 0 0 0
-3.64058 1 2.64503 -3.84283 0.5 2.79198 -2.79198 0.5 3.84283 0 0 0 0 0 0 0 0 0 0 0 0 0 0 0
-3.64058 1 2.64503 -2.79198 0.5 3.84283 -2.64503 1 3.64058 0 0 0 0 0 0 0 0 0 0 0 0 0 0 0
-2.64503 1 3.64058 -2.79198 0.5 3.84283 -1.46783 0.5 4.51752 0 0 0 0 0 0 0 0 0 0 0 0 0 0 0
-2.64503 1 3.64058 -1.46783 0.5 4.51752 -1.39058 1 4.27975 0 0 0 0 0 0 0 0 0 0 0 0 0 0 0
-1.39058 1 4.27975 -1.46783 0.5 4.51752 8.30516e-07 0.5 4.75 0 0 0 0 0 0 0 0 0 0 0 0 0 0 0
-1.39058 1 4.27975 8.30516e-07 0.5 4.75 7.86805e-07 1 4.5 0 0 0 0 0 0 0 0 0 0 0 0 0 0 0
0 1.5 4.25 0 1 4.5 1.39058 1 4.27975 0 0 0 0 0 0 0 0 0 0 0 0 0 0 0
0 1.5 4.25 1.39058 1 4.27975 1.31332 1.5 4.04199 0 0 0 0 0 0 0 0 0 0 0 0 0 0 0
1.31332 1.5 4.04199 1.39058 1 4.27975 2.64503 1 3.64058 0 0 0 0 0 0 0 0 0 0 0 0 0 0 0
1.31332 1.5 4.04199 2.64503 1 3.64058 2.49809 1.5 3.43832 0 0 0 0 0 0 0 0 0 0 0 0 0 0 0
2.49809 1.5 3.43832 2.64503 1 3.64058 3.64058 1 2.64503 0 0 0 0 0 0 0 0 0 0 0 0 0 0 0
2.49809 1.5 3.43832 3.64058 1 2.64503 3.43832 1.5 2.49809 0 0 0 0 0 0 0 0 0 0 0 0 0 0 0
3.43832 1.5 2.49809 3.64058 1 2.64503 4.27975 1 1.39058 0 0 0 0 0 0 0 0 0 0 0 0 0 0 0
3.43832 1.5 2.49809 4.27975 1 1.39058 4.04199 1.5 1.31332 0 0 0 0 0 0 0 0 0 0 0 0 0 0 0
4.04199 1.5 1.31332 4.27975 1 1.39058 4.5 1 -1.96701e-07 0 0 0 0 0 0 0 0 0 0 0 0 0 0 0
4.04199 1.5 1.31332 4.5 1 -1.96701e-07 4.25 1.5 -1.85773e-07 0 0 0 0 0 0 0 0 0 0 0 0 0 0 0
4.25 1.5 -1.85773e-07 4.5 1 -1.96701e-07 4.27975 1 -1.39058 0 0 0 0 0 0 0 0 0 0 0 0 0 0 0
4.25 1.5 -1.85773e-07 4.27975 1 -1.39058 4.04199 1.5 -1.31332 0 0 0 0 0 0 0 0 0 0 0 0 0 0 0
4.04199 1.5 -1.31332 4.27975 1 -1.39058 3.64058 1 -2.64503 0 0 0 0 0 0 0 0 0 0 0 0 0 0 0
4.04199 1.5 -1.31332 3.64058 1 -2.64503 3.43832 1.5 -2.49809 0 0 0 0 0 0 0 0 0 0 0 0 0 0 0
3.43832 1.5 -2.49809 3.64058 1 -2.64503 2.64503 1 -3.64058 0 0 0 0 0 0 0 0 0 0 0 0 0 0 0
3.43832 1.5 -2.49809 2.64503 1 -3.64058 2.49809 1.5 -3.43832 0 0 0 0 0 0 0 0 0 0 0 0 0 0 0
2.49809 1.5 -3.43832 2.64503 1 -3.64058 1.39058 1 -4.27975 0 0 0 0 0 0 0 0 0 0 0 0 0 0 0
2.49809 1.5 -3.43832 1.39058 1 -4.27975 1.31332 1.5 -4.04199 0 0 0 0 0 0 0 0 0 0 0 0 0 0 0
1.31332 1.5 -4.04199 1.39058 1 -4.27975 -3.93403e-07 1 -4.5 0 0 0 0 0 0 0 0 0 0 0 0 0 0 0
1.31332 1.5 -4.04199 -3.93403e-07 1 -4.5 -3.71547e-07 1.5 -4.25 0 0 0 0 0 0 0 0 0 0 0 0 0 0 0
-3.71547e-07 1.5 -4.25 -3.93403e-07 1 -4.5 -1.39058 1 -4.27975 0 0 0 0 0 0 0 0 0 0 0 0 0 0 0
-3.71547e-07 1.5 -4.25 -1.39058 1 -4.27975 -1.31332 1.5 -4.04199 0 0 0 0 0 0 0 0 0 0 0 0 0 0 0
-1.31332 1.5 -4.04199 -1.39058 1 -4.27975 -2.64503 1 -3.64058 0 0 0 0 0 0 0 0 0 0 0 0 0 0 0
-1.31332 1.5 -4.04199 -2.64503 1 -3.64058 -2.49809 1.5 -3.43832 0 0 0 0 0 0 0 0 0 0 0 0 0 0 0
-2.49809 1.5 -3.43832 -2.64503 1 -3.64058 -3.64058 1 -2.64503 0 0 0 0 0 0 0 0 0 0 0 0 0 0 0
-2.49809 1.5 -3.43832 -3.64058 1 -2.64503 -3.43832 1.5 -2.49809 0 0 0 0 0 0 0 0 0 0 0 0 0 0 0
-3.43832 1.5 -2.49809 -3.64058 1 -2.64503 -4.27975 1 -1.39058 0 0 0 0 0 0 0 0 0 0 0 0 0 0 0
-3.43832 1.5 -2.49809 -4.27975 1 -1.39058 -4.04199 1.5 -1.31332 0 0 0 0 0 0 0 0 0 0 0 0 0 0 0
-4.04199 1.5 -1.31332 -4.27975 1 -1.39058 -4.5 1 5.3662e-08 0 0 0 0 0 0 0 0 0 0 0 0 0 0 0
-4.04199 1.5 -1.31332 -4.5 1 5.3662e-08 -4.25 1.5 5.06807e-08 0 0 0 0 0 0 0 0 0 0 0 0 0 0 0
-4.25 1.5 5.06807e-08 -4.5 1 5.3662e-08 -4.27975 1 1.39058 0 0 0 0 0 0 0 0 0 0 0 0 0 0 0
-4.25 1.5 5.06807e-08 -4.27975 1 1.39058 -4.04199 1.5 1.31332 0 0 0 0 0 0 0 0 0 0 0 0 0 0 0
-4.04199 1.5 1.31332 -4.27975 1 1.39058 -3.64058 1 2.64503 0 0 0 0 0 0 0 0 0 0 0 0 0 0 0
-4.04199 1.5 1.31332 -3.64058 1 2.64503 -3.43832 1.5 2.49809 0 0 0 0 0 0 0 0 0 0 0 0 0 0 0
-3.43832 1.5 2.49809 -3.64058 1 2.64503 -2.64503 1 3.64058 0 0 0 0 0 0 0 0 0 0 0 0 0 0 0
-3.43832 1.5 2.49809 -2.64503 1 3.64058 -2.49809 1.5 3.43832 0 0 0 0 0 0 0 0 0 0 0 0 0 0 0
-2.49809 1.5 3.43832 -2.64503 1 3.64058 -1.39058 1 4.27975 0 0 0 0 0 0 0 0 0 0 0 0 0 0 0
-2.49809 1.5 3.43832 -1.39058 1 4.27975 -1.31332 1.5 4.04199 0 0 0 0 0 0 0 0 0 0 0 0 0 0 0
-1.31332 1.5 4.04199 -1.39058 1 4.27975 7.86805e-07 1 4.5 0 0 0 0 0 0 0 0 0 0 0 0 0 0 0
-1.31332 1.5 4.04199 7.86805e-07 1 4.5 7.43094e-07 1.5 4.25 0 0 0 0 0 0 0 0 0 0 0 0 0 0 0
0 2 4 0 1.5 4.25 1.31332 1.5 4.04199 0 0 0 0 0 0 0 0 0 0 0 0 0 0 0
0 2 4 1.31332 1.5 4.04199 1.23607 2 3.80423 0 0 0 0 0 0 0 0 0 0 0 0 0 0 0
1.23607 2 3.80423 1.31332 1.5 4.04199 2.49809 1.5 3.43832 0 0 0 0 0 0 0 0 0 0 0 0 0 0 0
1.23607 2 3.80423 2.49809 1.5 3.43832 2.35114 2 3.23607 0 0 0 0 0 0 0 0 0 0 0 0 0 0 0
2.35114 2 3.23607 2.49809 1.5 3.43832 3.43832 1.5 2.49809 0 0 0 0 0 0 0 0 0 0 0 0 0 0 0
2.35114 2 3.23607 3.43832 1.5 2.49809 3.23607 2 2.35114 0 0 0 0 0 0 0 0 0 0 0 0 0 0 0
3.23607 2 2.35114 3.43832 1.5 2.49809 4.04199 1.5 1.31332 0 0 0 0 0 0 0 0 0 0 0 0 0 0 0
3.23607 2 2.35114 4.04199 1.5 1.31332 3.80423 2 1.23607 0 0 0 0 0 0 0 0 0 0 0 0 0 0 0
3.80423 2 1.23607 4.04199 1.5 1.31332 4.25 1.5 -1.85773e-07 0 0 0 0 0 0 0 0 0 0 0 0 0 0 0
3.80423 2 1.23607 4.25 1.5 -1.85773e-07 4 2 -1.74846e-07 0 0 0 0 0 0 0 0 0 0 0 0 0 0 0
4 2 -1.74846e-07 4.25 1.5 -1.85773e-07 4.04199 1.5 -1.31332 0 0 0 0 0 0 0 0 0 0 0 0 0 0 0
4 2 -1.74846e-07 4.04199 1.5 -1.31332 3.80423 2 -1.23607 0 0 0 0 0 0 0 0 0 0 0 0 0 0 0
3.80423 2 -1.23607 4.04199 1.5 -1.31332 3.43832 1.5 -2.49809 0 0 0 0 0 0 0 0 0 0 0 0 0 0 0
3.80423 2 -1.23607 3.43832 1.5 -2.49809 3.23607 2 -2.35114 0 0 0 0 0 0 0 0 0 0 0 0 0 0 0
3.23607 2 -2.35114 3.43832 1.5 -2.49809 2.49809 1.5 -3.43832 0 0 0 0 0 0 0 0 0 0 0 0 0 0 0
3.23607 2 -2.35114 2.49809 1.5 -3.43832 2.35114 2 -3.23607 0 0 0 0 0 0 0 0 0 0 0 0 0 0 0
2.35114 2 -3.23607 2.49809 1.5 -3.43832 1.31332 1.5 -4.04199 0 0 0 0 0 0 0 0 0 0 0 0 0 0 0
2.35114 2 -3.23607 1.31332 1.5 -4.04199 1.23607 2 -3.80423 0 0 0 0 0 0 0 0 0 0 0 0 0 0 0
1.23607 2 -3.80423 1.31332 1.5 -4.04199 -3.71547e-07 1.5 -4.25 0 0 0 0 0 0 0 0 0 0 0 0 0 0 0
1.23607 2 -3.80423 -3.71547e-07 1.5 -4.25 -3.49691e-07 2 -4 0 0 0 0 0 0 0 0 0 0 0 0 0 0 0
-3.49691e-07 2 -4 -3.71547e-07 1.5 -4.25 -1.31332 1.5 -4.04199 0 0 0 0 0 0 0 0 0 0 0 0 0 0 0
-3.49691e-07 2 -4 -1.31332 1.5 -4.04199 -1.23607 2 -3.80423 0 0 0 0 0 0 0 0 0 0 0 0 0 0 0
-1.23607 2 -3.80423 -1.31332 1.5 -4.04199 -2.49809 1.5 -3.43832 0 0 0 0 0 0 0 0 0 0 0 0 0 0 0
-1.23607 2 -3.80423 -2.49809 1.5 -3.43832 -2.35114 2 -3.23607 0 0 0 0 0 0 0 0 0 0 0 0 0 0 0
-2.35114 2 -3.23607 -2.49809 1.5 -3.43832 -3.43832 1.5 -2.49809 0 0 0 0 0 0 0 0 0 0 0 0 0 0 0
-2.35114 2 -3.23607 -3.43832 1.5 -2.49809 -3.23607 2 -2.35114 0 0 0 0 0 0 0 0 0 0 0 0 0 0 0
-3.23607 2 -2.35114 -3.43832 1.5 -2.49809 -4.04199 1.5 -1.31332 0 0 0 0 0 0 0 0 0 0 0 0 0 0 0
-3.23607 2 -2.35114 -4.04199 1.5 -1.31332 -3.80423 2 -1.23607 0 0 0 0 0 0 0 0 0 0 0 0 0 0 0
-3.80423 2 -1.23607 -4.04199 1.5 -1.31332 -4.25 1.5 5.06807e-08 0 0 0 0 0 0 0 0 0 0 0 0 0 0 0
-3.80423 2 -1.23607 -4.25 1.5 5.06807e-08 -4 2 4.76995e-08 0 0 0 0 0 0 0 0 0 0 0 0 0 0 0
-4 2 4.76995e-08 -4.25 1.5 5.06807e-08 -4.04199 1.5 1.31332 0 0 0 0 0 0 0 0 0 0 0 0 0 0 0
-4 2 4.76995e-08 -4.04199 1.5 1.31332 -3.80423 2 1.23607 0 0 0 0 0 0 0 0 0 0 0 0 0 0 0
-3.80423 2 1.23607 -4.04199 1.5 1.31332 -3.43832 1.5 2.49809 0 0 0 0 0 0 0 0 0 0 0 0 0 0 0
-3.80423 2 1.23607 -3.43832 1.5 2.49809 -3.23607 2 2.35114 0 0 0 0 0 0 0 0 0 0 0 0 0 0 0
-3.23607 2 2.35114 -3.43832 1.5 2.49809 -2.49809 1.5 3.43832 0 0 0 0 0 0 0 0 0 0 0 0 0 0 0
-3.23607 2 2.35114 -2.49809 1.5 3.43832 -2.35114 2 3.23607 0 0 0 0 0 0 0 0 0 0 0 0 0 0 0
-2.35114 2 3.23607 -2.49809 1.5 3.43832 -1.31332 1.5 4.04199 0 0 0 0 0 0 0 0 0 0 0 0 0 0 0
-2.35114 2 3.23607 -1.31332 1.5 4.04199 -1.23607 2 3.80423 0 0 0 0 0 0 0 0 0 0 0 0 0 0 0
-1.23607 2 3.80423 -1.31332 1.5 4.04199 7.43094e-07 1.5 4.25 0 0 0 0 0 0 0 0 0 0 0 0 0 0 0
-1.23607 2 3.80423 7.43094e-07 1.5 4.25 6.99382e-07 2 4 0 0 0 0 0 0 0 0 0 0 0 0 0 0 0
0 2.5 3.75 0 2 4 1.23607 2 3.80423 0 0 0 0 0 0 0 0 0 0 0 0 0 0 0
0 2.5 3.75 1.23607 2 3.80423 1.15881 2.5 3.56646 0 0 0 0 0 0 0 0 0 0 0 0 0 0 0
1.15881 2.5 3.56646 1.23607 2 3.80423 2.35114 2 3.23607 0 0 0 0 0 0 0 0 0 0 0 0 0 0 0
1.15881 2.5 3.56646 2.35114 2 3.23607 2.20419 2.5 3.03381 0 0 0 0 0 0 0 0 0 0 0 0 0 0 0
2.20419 2.5 3.03381 2.35114 2 3.23607 3.23607 2 2.35114 0 0 0 0 0 0 0 0 0 0 0 0 0 0 0
2.20419 2.5 3.03381 3.23607 2 2.35114 3.03381 2.5 2.20419 0 0 0 0 0 0 0 0 0 0 0 0 0 0 0
3.03381 2.5 2.20419 3.23607 2 2.35114 3.80423 2 1.23607 0 0 0 0 0 0 0 0 0 0 0 0 0 0 0
3.03381 2.5 2.20419 3.80423 2 1.23607 3.56646 2.5 1.15881 0 0 0 0 0 0 0 0 0 0 0 0 0 0 0
3.56646 2.5 1.15881 3.80423 2 1.23607 4 2 -1.74846e-07 0 0 0 0 0 0 0 0 0 0 0 0 0 0 0
3.56646 2.5 1.15881 4 2 -1.74846e-07 3.75 2.5 -1.63918e-07 0 0 0 0 0 0 0 0 0 0 0 0 0 0 0
3.75 2.5 -1.63918e-07 4 2 -1.74846e-07 3.80423 2 -1.23607 0 0 0 0 0 0 0 0 0 0 0 0 0 0 0
3.75 2.5 -1.63918e-07 3.80423 2 -1.23607 3.56646 2.5 -1.15881 0 0 0 0 0 0 0 0 0 0 0 0 0 0 0
3.56646 2.5 -1.15881 3.80423 2 -1.23607 3.23607 2 -2.35114 0 0 0 0 0 0 0 0 0 0 0 0 0 0 0
3.56646 2.5 -1.15881 3.23607 2 -2.35114 3.03381 2.5 -2.20419 0 0 0 0 0 0 0 0 0 0 0 0 0 0 0
3.03381 2.5 -2.20419 3.23607 2 -2.35114 2.35114 2 -3.23607 0 0 0 0 0 0 0 0 0 0 0 0 0 0 0
3.03381 2.5 -2.20419 2.35114 2 -3.23607 2.20419 2.5 -3.03381 0 0 0 0 0 0 0 0 0 0 0 0 0 0 0
2.20419 2.5 -3.03381 2.35114 2 -3.23607 1.23607 2 -3.80423 0 0 0 0 0 0 0 0 0 0 0 0 0 0 0
2.20419 2.5 -3.03381 1.23607 2 -3.80423 1.15881 2.5 -3.56646 0 0 0 0 0 0 0 0 0 0 0 0 0 0 0
1.15881 2.5 -3.56646 1.23607 2 -3.80423 -3.49691e-07 2 -4 0 0 0 0 0 0 0 0 0 0 0 0 0 0 0
1.15881 2.5 -3.56646 -3.49691e-07 2 -4 -3.27835e-07 2.5 -3.75 0 0 0 0 0 0 0 0 0 0 0 0 0 0 0
-3.27835e-07 2.5 -3.75 -3.49691e-07 2 -4 -1.23607 2 -3.80423 0 0 0 0 0 0 0 0 0 0 0 0 0 0 0
-3.27835e-07 2.5 -3.75 -1.23607 2 -3.80423 -1.15881 2.5 -3.56646 0 0 0 0 0 0 0 0 0 0 0 0 0 0 0
-1.15881 2.5 -3.56646 -1.23607 2 -3.80423 -2.35114 2 -3.23607 0 0 0 0 0 0 0 0 0 0 0 0 0 0 0
-1.15881 2.5 -3.56646 -2.35114 2 -3.23607 -2.2042 2.5 -3.03381 0 0 0 0 0 0 0 0 0 0 0 0 0 0 0
-2.2042 2.5 -3.03381 -2.35114 2 -3.23607 -3.23607 2 -2.35114 0 0 0 0 0 0 0 0 0 0 0 0 0 0 0
-2.2042 2.5 -3.03381 -3.23607 2 -2.35114 -3.03381 2.5 -2.20419 0 0 0 0 0 0 0 0 0 0 0 0 0 0 0
-3.03381 2.5 -2.20419 -3.23607 2 -2.35114 -3.80423 2 -1.23607 0 0 0 0 0 0 0 0 0 0 0 0 0 0 0
-3.03381 2.5 -2.20419 -3.80423 2 -1.23607 -3.56646 2.5 -1.15881 0 0 0 0 0 0 0 0 0 0 0 0 0 0 0
-3.56646 2.5 -1.15881 -3.80423 2 -1.23607 -4 2 4.76995e-08 0 0 0 0 0 0 0 0 0 0 0 0 0 0 0
-3.56646 2.5 -1.15881 -4 2 4.76995e-08 -3.75 2.5 4.47183e-08 0 0 0 0 0 0 0 0 0 0 0 0 0 0 0
-3.75 2.5 4.47183e-08 -4 2 4.76995e-08 -3.80423 2 1.23607 0 0 0 0 0 0 0 0 0 0 0 0 0 0 0
-3.75 2.5 4.47183e-08 -3.80423 2 1.23607 -3.56646 2.5 1.15881 0 0 0 0 0 0 0 0 0 0 0 0 0 0 0
-3.56646 2.5 1.15881 -3.80423 2 1.23607 -3.23607 2 2.35114 0 0 0 0 0 0 0 0 0 0 0 0 0 0 0
-3.56646 2.5 1.15881 -3.23607 2 2.35114 -3.03381 2.5 2.2042 0 0 0 0 0 0 0 0 0 0 0 0 0 0 0
-3.03381 2.5 2.2042 -3.23607 2 2.35114 -2.35114 2 3.23607 0 0 0 0 0 0 0 0 0 0 0 0 0 0 0
-3.03381 2.5 2.2042 -2.35114 2 3.23607 -2.20419 2.5 3.03381 0 0 0 0 0 0 0 0 0 0 0 0 0 0 0
-2.20419 2.5 3.03381 -2.35114 2 3.23607 -1.23607 2 3.80423 0 0 0 0 0 0 0 0 0 0 0 0 0 0 0
-2.20419 2.5 3.03381 -1.23607 2 3.80423 -1.15881 2.5 3.56646 0 0 0 0 0 0 0 0 0 0 0 0 0 0 0
-1.15881 2.5 3.56646 -1.23607 2 3.80423 6.99382e-07 2 4 0 0 0 0 0 0 0 0 0 0 0 0 0 0 0
-1.15881 2.5 3.56646 6.99382e-07 2 4 6.55671e-07 2.5 3.75 0 0 0 0 0 0 0 0 0 0 0 0 0 0 0
0 3 3.5 0 2.5 3.75 1.15881 2.5 3.56646 0 0 0 0 0 0 0 0 0 0 0 0 0 0 0
0 3 3.5 1.15881 2.5 3.56646 1.08156 3 3.3287 0 0 0 0 0 0 0 0 0 0 0 0 0 0 0
1.08156 3 3.3287 1.15881 2.5 3.56646 2.20419 2.5 3.03381 0 0 0 0 0 0 0 0 0 0 0 0 0 0 0
1.08156 3 3.3287 2.20419 2.5 3.03381 2.05725 3 2.83156 0 0 0 0 0 0 0 0 0 0 0 0 0 0 0
2.05725 3 2.83156 2.20419 2.5 3.03381 3.03381 2.5 2.20419 0 0 0 0 0 0 0 0 0 0 0 0 0 0 0
2.05725 3 2.83156 3.03381 2.5 2.20419 2.83156 3 2.05725 0 0 0 0 0 0 0 0 0 0 0 0 0 0 0
2.83156 3 2.05725 3.03381 2.5 2.20419 3.56646 2.5 1.15881 0 0 0 0 0 0 0 0 0 0 0 0 0 0 0
2.83156 3 2.05725 3.56646 2.5 1.15881 3.3287 3 1.08156 0 0 0 0 0 0 0 0 0 0 0 0 0 0 0
3.3287 3 1.08156 3.56646 2.5 1.15881 3.75 2.5 -1.63918e-07 0 0 0 0 0 0 0 0 0 0 0 0 0 0 0
3.3287 3 1.08156 3.75 2.5 -1.63918e-07 3.5 3 -1.5299e-07 0 0 0 0 0 0 0 0 0 0 0 0 0 0 0
3.5 3 -1.5299e-07 3.75 2.5 -1.63918e-07 3.56646 2.5 -1.15881 0 0 0 0 0 0 0 0 0 0 0 0 0 0 0
3.5 3 -1.5299e-07 3.56646 2.5 -1.15881 3.3287 3 -1.08156 0 0 0 0 0 0 0 0 0 0 0 0 0 0 0
3.3287 3 -1.08156 3.56646 2.5 -1.15881 3.03381 2.5 -2.20419 0 0 0 0 0 0 0 0 0 0 0 0 0 0 0
3.3287 3 -1.08156 3.03381 2.5 -2.20419 2.83156 3 -2.05725 0 0 0 0 0 0 0 0 0 0 0 0 0 0 0
2.83156 3 -2.05725 3.03381 2.5 -2.20419 2.20419 2.5 -3.03381 0 0 0 0 0 0 0 0 0 0 0 0 0 0 0
2.83156 3 -2.05725 2.20419 2.5 -3.03381 2.05725 3 -2.83156 0 0 0 0 0 0 0 0 0 0 0 0 0 0 0
2.05725 3 -2.83156 2.20419 2.5 -3.03381 1.15881 2.5 -3.56646 0 0 0 0 0 0 0 0 0 0 0 0 0 0 0
2.05725 3 -2.83156 1.15881 2.5 -3.56646 1.08156 3 -3.3287 0 0 0 0 0 0 0 0 0 0 0 0 0 0 0
1.08156 3 -3.3287 1.15881 2.5 -3.56646 -3.27835e-07 2.5 -3.75 0 0 0 0 0 0 0 0 0 0 0 0 0 0 0
1.08156 3 -3.3287 -3.27835e-07 2.5 -3.75 -3.0598e-07 3 -3.5 0 0 0 0 0 0 0 0 0 0 0 0 0 0 0
-3.0598e-07 3 -3.5 -3.27835e-07 2.5 -3.75 -1.15881 2.5 -3.56646 0 0 0 0 0 0 0 0 0 0 0 0 0 0 0
-3.0598e-07 3 -3.5 -1.15881 2.5 -3.56646 -1.08156 3 -3.3287 0 0 0 0 0 0 0 0 0 0 0 0 0 0 0
-1.08156 3 -3.3287 -1.15881 2.5 -3.56646 -2.2042 2.5 -3.03381 0 0 0 0 0 0 0 0 0 0 0 0 0 0 0
-1.08156 3 -3.3287 -2.2042 2.5 -3.03381 -2.05725 3 -2.83156 0 0 0 0 0 0 0 0 0 0 0 0 0 0 0
-2.05725 3 -2.83156 -2.2042 2.5 -3.03381 -3.03381 2.5 -2.20419 0 0 0 0 0 0 0 0 0 0 0 0 0 0 0
-2.05725 3 -2.83156 -3.03381 2.5 -2.20419 -2.83156 3 -2.05725 0 0 0 0 0 0 0 0 0 0 0 0 0 0 0
-2.83156 3 -2.05725 -3.03381 2.5 -2.20419 -3.56646 2.5 -1.15881 0 0 0 0 0 0 0 0 0 0 0 0 0 0 0
-2.83156 3 -2.05725 -3.56646 2.5 -1.15881 -3.3287 3 -1.08156 0 0 0 0 0 0 0 0 0 0 0 0 0 0 0
-3.3287 3 -1.08156 -3.56646 2.5 -1.15881 -3.75 2.5 4.47183e-08 0 0 0 0 0 0 0 0 0 0 0 0 0 0 0
-3.3287 3 -1.08156 -3.75 2.5 4.47183e-08 -3.5 3 4.17371e-08 0 0 0 0 0 0 0 0 0 0 0 0 0 0 0
-3.5 3 4.17371e-08 -3.75 2.5 4.47183e-08 -3.56646 2.5 1.15881 0 0 0 0 0 0 0 0 0 0 0 0 0 0 0
-3.5 3 4.17371e-08 -3.56646 2.5 1.15881 -3.3287 3 1.08156 0 0 0 0 0 0 0 0 0 0 0 0 0 0 0
-3.3287 3 1.08156 -3.56646 2.5 1.15881 -3.03381 2.5 2.2042 0 0 0 0 0 0 0 0 0 0 0 0 0 0 0
-3.3287 3 1.08156 -3.03381 2.5 2.2042 -2.83156 3 2.05725 0 0 0 0 0 0 0 0 0 0 0 0 0 0 0
-2.83156 3 2.05725 -3.03381 2.5 2.2042 -2.20419 2.5 3.03381 0 0 0 0 0 0 0 0 0 0 0 0 0 0 0
-2.83156 3 2.05725 -2.20419 2.5 3.03381 -2.05725 3 2.83156 0 0 0 0 0 0 0 0 0 0 0 0 0 0 0
-2.05725 3 2.83156 -2.20419 2.5 3.03381 -1.15881 2.5 3.56646 0 0 0 0 0 0 0 0 0 0 0 0 0 0 0
-2.05725 3 2.83156 -1.15881 2.5 3.56646 -1.08156 3 3.3287 0 0 0 0 0 0 0 0 0 0 0 0 0 0 0
-1.08156 3 3.3287 -1.15881 2.5 3.56646 6.55671e-07 2.5 3.75 0 0 0 0 0 0 0 0 0 0 0 0 0 0 0
-1.08156 3 3.3287 6.55671e-07 2.5 3.75 6.11959e-07 3 3.5 0 0 0 0 0 0 0 0 0 0 0 0 0 0 0
0 3.5 3.25 0 3 3.5 1.08156 3 3.3287 0 0 0 0 0 0 0 0 0 0 0 0 0 0 0
0 3.5 3.25 1.08156 3 3.3287 1.00431 3.5 3.09093 0 0 0 0 0 0 0 0 0 0 0 0 0 0 0
1.00431 3.5 3.09093 1.08156 3 3.3287 2.05725 3 2.83156 0 0 0 0 0 0 0 0 0 0 0 0 0 0 0
1.00431 3.5 3.09093 2.05725 3 2.83156 1.9103 3.5 2.62931 0 0 0 0 0 0 0 0 0 0 0 0 0 0 0
1.9103 3.5 2.62931 2.05725 3 2.83156 2.83156 3 2.05725 0 0 0 0 0 0 0 0 0 0 0 0 0 0 0
1.9103 3.5 2.62931 2.83156 3 2.05725 2.62931 3.5 1.9103 0 0 0 0 0 0 0 0 0 0 0 0 0 0 0
2.62931 3.5 1.9103 2.83156 3 2.05725 3.3287 3 1.08156 0 0 0 0 0 0 0 0 0 0 0 0 0 0 0
2.62931 3.5 1.9103 3.3287 3 1.08156 3.09093 3.5 1.00431 0 0 0 0 0 0 0 0 0 0 0 0 0 0 0
3.09093 3.5 1.00431 3.3287 3 1.08156 3.5 3 -1.5299e-07 0 0 0 0 0 0 0 0 0 0 0 0 0 0 0
3.09093 3.5 1.00431 3.5 3 -1.5299e-07 3.25 3.5 -1.42062e-07 0 0 0 0 0 0 0 0 0 0 0 0 0 0 0
3.25 3.5 -1.42062e-07 3.5 3 -1.5299e-07 3.3287 3 -1.08156 0 0 0 0 0 0 0 0 0 0 0 0 0 0 0
3.25 3.5 -1.42062e-07 3.3287 3 -1.08156 3.09093 3.5 -1.00431 0 0 0 0 0 0 0 0 0 0 0 0 0 0 0
3.09093 3.5 -1.00431 3.3287 3 -1.08156 2.83156 3 -2.05725 0 0 0 0 0 0 0 0 0 0 0 0 0 0 0
3.09093 3.5 -1.00431 2.83156 3 -2.05725 2.62931 3.5 -1.9103 0 0 0 0 0 0 0 0 0 0 0 0 0 0 0
2.62931 3.5 -1.9103 2.83156 3 -2.05725 2.05725 3 -2.83156 0 0 0 0 0 0 0 0 0 0 0 0 0 0 0
2.62931 3.5 -1.9103 2.05725 3 -2.83156 1.9103 3.5 -2.62931 0 0 0 0 0 0 0 0 0 0 0 0 0 0 0
1.9103 3.5 -2.62931 2.05725 3 -2.83156 1.08156 3 -3.3287 0 0 0 0 0 0 0 0 0 0 0 0 0 0 0
1.9103 3.5 -2.62931 1.08156 3 -3.3287 1.0043 3.5 -3.09093 0 0 0 0 0 0 0 0 0 0 0 0 0 0 0
1.0043 3.5 -3.09093 1.08156 3 -3.3287 -3.0598e-07 3 -3.5 0 0 0 0 0 0 0 0 0 0 0 0 0 0 0
1.0043 3.5 -3.09093 -3.0598e-07 3 -3.5 -2.84124e-07 3.5 -3.25 0 0 0 0 0 0 0 0 0 0 0 0 0 0 0
-2.84124e-07 3.5 -3.25 -3.0598e-07 3 -3.5 -1.08156 3 -3.3287 0 0 0 0 0 0 0 0 0 0 0 0 0 0 0
-2.84124e-07 3.5 -3.25 -1.08156 3 -3.3287 -1.00431 3.5 -3.09093 0 0 0 0 0 0 0 0 0 0 0 0 0 0 0
-1.00431 3.5 -3.09093 -1.08156 3 -3.3287 -2.05725 3 -2.83156 0 0 0 0 0 0 0 0 0 0 0 0 0 0 0
-1.00431 3.5 -3.09093 -2.05725 3 -2.83156 -1.9103 3.5 -2.62931 0 0 0 0 0 0 0 0 0 0 0 0 0 0 0
-1.9103 3.5 -2.62931 -2.05725 3 -2.83156 -2.83156 3 -2.05725 0 0 0 0 0 0 0 0 0 0 0 0 0 0 0
-1.9103 3.5 -2.62931 -2.83156 3 -2.05725 -2.62931 3.5 -1.9103 0 0 0 0 0 0 0 0 0 0 0 0 0 0 0
-2.62931 3.5 -1.9103 -2.83156 3 -2.05725 -3.3287 3 -1.08156 0 0 0 0 0 0 0 0 0 0 0 0 0 0 0
-2.62931 3.5 -1.9103 -3.3287 3 -1.08156 -3.09093 3.5 -1.00431 0 0 0 0 0 0 0 0 0 0 0 0 0 0 0
-3.09093 3.5 -1.00431 -3.3287 3 -1.08156 -3.5 3 4.17371e-08 0 0 0 0 0 0 0 0 0 0 0 0 0 0 0
-3.09093 3.5 -1.00431 -3.5 3 4.17371e-08 -3.25 3.5 3.87559e-08 0 0 0 0 0 0 0 0 0 0 0 0 0 0 0
-3.25 3.5 3.87559e-08 -3.5 3 4.17371e-08 -3.3287 3 1.08156 0 0 0 0 0 0 0 0 0 0 0 0 0 0 0
-3.25 3.5 3.87559e-08 -3.3287 3 1.08156 -3.09093 3.5 1.00431 0 0 0 0 0 0 0 0 0 0 0 0 0 0 0
-3.09093 3.5 1.00431 -3.3287 3 1.08156 -2.83156 3 2.05725 0 0 0 0 0 0 0 0 0 0 0 0 0 0 0
-3.09093 3.5 1.00431 -2.83156 3 2.05725 -2.6293 3.5 1.9103 0 0 0 0 0 0 0 0 0 0 0 0 0 0 0
-2.6293 3.5 1.9103 -2.83156 3 2.05725 -2.05725 3 2.83156 0 0 0 0 0 0 0 0 0 0 0 0 0 0 0
-2.6293 3.5 1.9103 -2.05725 3 2.83156 -1.9103 3.5 2.62931 0 0 0 0 0 0 0 0 0 0 0 0 0 0 0
-1.9103 3.5 2.62931 -2.05725 3 2.83156 -1.08156 3 3.3287 0 0 0 0 0 0 0 0 0 0 0 0 0 0 0
-1.9103 3.5 2.62931 -1.08156 3 3.3287 -1.00431 3.5 3.09093 0 0 0 0 0 0 0 0 0 0 0 0 0 0 0
-1.00431 3.5 3.09093 -1.08156 3 3.3287 6.11959e-07 3 3.5 0 0 0 0 0 0 0 0 0 0 0 0 0 0 0
-1.00431 3.5 3.09093 6.11959e-07 3 3.5 5.68248e-07 3.5 3.25 0 0 0 0 0 0 0 0 0 0 0 0 0 0 0
0 4 3 0 3.5 3.25 1.00431 3.5 3.09093 0 0 0 0 0 0 0 0 0 0 0 0 0 0 0
0 4 3 1.00431 3.5 3.09093 0.927051 4 2.85317 0 0 0 0 0 0 0 0 0 0 0 0 0 0 0
0.927051 4 2.85317 1.00431 3.5 3.09093 1.9103 3.5 2.62931 0 0 0 0 0 0 0 0 0 0 0 0 0 0 0
0.927051 4 2.85317 1.9103 3.5 2.62931 1.76336 4 2.42705 0 0 0 0 0 0 0 0 0 0 0 0 0 0 0
1.76336 4 2.42705 1.9103 3.5 2.62931 2.62931 3.5 1.9103 0 0 0 0 0 0 0 0 0 0 0 0 0 0 0
1.76336 4 2.42705 2.62931 3.5 1.9103 2.42705 4 1.76336 0 0 0 0 0 0 0 0 0 0 0 0 0 0 0
2.42705 4 1.76336 2.62931 3.5 1.9103 3.09093 3.5 1.00431 0 0 0 0 0 0 0 0 0 0 0 0 0 0 0
2.42705 4 1.76336 3.09093 3.5 1.00431 2.85317 4 0.927051 0 0 0 0 0 0 0 0 0 0 0 0 0 0 0
2.85317 4 0.927051 3.09093 3.5 1.00431 3.25 3.5 -1.42062e-07 0 0 0 0 0 0 0 0 0 0 0 0 0 0 0
2.85317 4 0.927051 3.25 3.5 -1.42062e-07 3 4 -1.31134e-07 0 0 0 0 0 0 0 0 0 0 0 0 0 0 0
3 4 -1.31134e-07 3.25 3.5 -1.42062e-07 3.09093 3.5 -1.00431 0 0 0 0 0 0 0 0 0 0 0 0 0 0 0
3 4 -1.31134e-07 3.09093 3.5 -1.00431 2.85317 4 -0.927051 0 0 0 0 0 0 0 0 0 0 0 0 0 0 0
2.85317 4 -0.927051 3.09093 3.5 -1.00431 2.62931 3.5 -1.9103 0 0 0 0 0 0 0 0 0 0 0 0 0 0 0
2.85317 4 -0.927051 2.62931 3.5 -1.9103 2.42705 4 -1.76336 0 0 0 0 0 0 0 0 0 0 0 0 0 0 0
2.42705 4 -1.76336 2.62931 3.5 -1.9103 1.9103 3.5 -2.62931 0 0 0 0 0 0 0 0 0 0 0 0 0 0 0
2.42705 4 -1.76336 1.9103 3.5 -2.62931 1.76336 4 -2.42705 0 0 0 0 0 0 0 0 0 0 0 0 0 0 0
1.76336 4 -2.42705 1.9103 3.5 -2.62931 1.0043 3.5 -3.09093 0 0 0 0 0 0 0 0 0 0 0 0 0 0 0
1.76336 4 -2.42705 1.0043 3.5 -3.09093 0.92705 4 -2.85317 0 0 0 0 0 0 0 0 0 0 0 0 0 0 0
0.92705 4 -2.85317 1.0043 3.5 -3.09093 -2.84124e-07 3.5 -3.25 0 0 0 0 0 0 0 0 0 0 0 0 0 0 0
0.92705 4 -2.85317 -2.84124e-07 3.5 -3.25 -2.62268e-07 4 -3 0 0 0 0 0 0 0 0 0 0 0 0 0 0 0
-2.62268e-07 4 -3 -2.84124e-07 3.5 -3.25 -1.00431 3.5 -3.09093 0 0 0 0 0 0 0 0 0 0 0 0 0 0 0
-2.62268e-07 4 -3 -1.00431 3.5 -3.09093 -0.927051 4 -2.85317 0 0 0 0 0 0 0 0 0 0 0 0 0 0 0
-0.927051 4 -2.85317 -1.00431 3.5 -3.09093 -1.9103 3.5 -2.62931 0 0 0 0 0 0 0 0 0 0 0 0 0 0 0
-0.927051 4 -2.85317 -1.9103 3.5 -2.62931 -1.76336 4 -2.42705 0 0 0 0 0 0 0 0 0 0 0 0 0 0 0
-1.76336 4 -2.42705 -1.9103 3.5 -2.62931 -2.62931 3.5 -1.9103 0 0 0 0 0 0 0 0 0 0 0 0 0 0 0
-1.76336 4 -2.42705 -2.62931 3.5 -1.9103 -2.42705 4 -1.76336 0 0 0 0 0 0 0 0 0 0 0 0 0 0 0
-2.42705 4 -1.76336 -2.62931 3.5 -1.9103 -3.09093 3.5 -1.00431 0 0 0 0 0 0 0 0 0 0 0 0 0 0 0
-2.42705 4 -1.76336 -3.09093 3.5 -1.00431 -2.85317 4 -0.927051 0 0 0 0 0 0 0 0 0 0 0 0 0 0 0
-2.85317 4 -0.927051 -3.09093 3.5 -1.00431 -3.25 3.5 3.87559e-08 0 0 0 0 0 0 0 0 0 0 0 0 0 0 0
-2.85317 4 -0.927051 -3.25 3.5 3.87559e-08 -3 4 3.57746e-08 0 0 0 0 0 0 0 0 0 0 0 0 0 0 0
-3 4 3.57746e-08 -3.25 3.5 3.87559e-08 -3.09093 3.5 1.00431 0 0 0 0 0 0 0 0 0 0 0 0 0 0 0
-3 4 3.57746e-08 -3.09093 3.5 1.00431 -2.85317 4 0.927051 0 0 0 0 0 0 0 0 0 0 0 0 0 0 0
-2.85317 4 0.927051 -3.09093 3.5 1.00431 -2.6293 3.5 1.9103 0 0 0 0 0 0 0 0 0 0 0 0 0 0 0
-2.85317 4 0.927051 -2.6293 3.5 1.9103 -2.42705 4 1.76336 0 0 0 0 0 0 0 0 0 0 0 0 0 0 0
-2.42705 4 1.76336 -2.6293 3.5 1.9103 -1.9103 3.5 2.62931 0 0 0 0 0 0 0 0 0 0 0 0 0 0 0
-2.42705 4 1.76336 -1.9103 3.5 2.62931 -1.76335 4 2.42705 0 0 0 0 0 0 0 0 0 0 0 0 0 0 0
-1.76335 4 2.42705 -1.9103 3.5 2.62931 -1.00431 3.5 3.09093 0 0 0 0 0 0 0 0 0 0 0 0 0 0 0
-1.76335 4 2.42705 -1.00431 3.5 3.09093 -0.927051 4 2.85317 0 0 0 0 0 0 0 0 0 0 0 0 0 0 0
-0.927051 4 2.85317 -1.00431 3.5 3.09093 5.68248e-07 3.5 3.25 0 0 0 0 0 0 0 0 0 0 0 0 0 0 0
-0.927051 4 2.85317 5.68248e-07 3.5 3.25 5.24537e-07 4 3 0 0 0 0 0 0 0 0 0 0 0 0 0 0 0
0 4.5 2.75 0 4 3 0.927051 4 2.85317 0 0 0 0 0 0 0 0 0 0 0 0 0 0 0
0 4.5 2.75 0.927051 4 2.85317 0.849797 4.5 2.61541 0 0 0 0 0 0 0 0 0 0 0 0 0 0 0
0.849797 4.5 2.61541 0.927051 4 2.85317 1.76336 4 2.42705 0 0 0 0 0 0 0 0 0 0 0 0 0 0 0
0.849797 4.5 2.61541 1.76336 4 2.42705 1.61641 4.5 2.2248 0 0 0 0 0 0 0 0 0 0 0 0 0 0 0
1.61641 4.5 2.2248 1.76336 4 2.42705 2.42705 4 1.76336 0 0 0 0 0 0 0 0 0 0 0 0 0 0 0
1.61641 4.5 2.2248 2.42705 4 1.76336 2.2248 4.5 1.61641 0 0 0 0 0 0 0 0 0 0 0 0 0 0 0
2.2248 4.5 1.61641 2.42705 4 1.76336 2.85317 4 0.927051 0 0 0 0 0 0 0 0 0 0 0 0 0 0 0
2.2248 4.5 1.61641 2.85317 4 0.927051 2.61541 4.5 0.849797 0 0 0 0 0 0 0 0 0 0 0 0 0 0 0
2.61541 4.5 0.849797 2.85317 4 0.927051 3 4 -1.31134e-07 0 0 0 0 0 0 0 0 0 0 0 0 0 0 0
2.61541 4.5 0.849797 3 4 -1.31134e-07 2.75 4.5 -1.20206e-07 0 0 0 0 0 0 0 0 0 0 0 0 0 0 0
2.75 4.5 -1.20206e-07 3 4 -1.31134e-07 2.85317 4 -0.927051 0 0 0 0 0 0 0 0 0 0 0 0 0 0 0
2.75 4.5 -1.20206e-07 2.85317 4 -0.927051 2.61541 4.5 -0.849797 0 0 0 0 0 0 0 0 0 0 0 0 0 0 0
2.61541 4.5 -0.849797 2.85317 4 -0.927051 2.42705 4 -1.76336 0 0 0 0 0 0 0 0 0 0 0 0 0 0 0
2.61541 4.5 -0.849797 2.42705 4 -1.76336 2.2248 4.5 -1.61641 0 0 0 0 0 0 0 0 0 0 0 0 0 0 0
2.2248 4.5 -1.61641 2.42705 4 -1.76336 1.76336 4 -2.42705 0 0 0 0 0 0 0 0 0 0 0 0 0 0 0
2.2248 4.5 -1.61641 1.76336 4 -2.42705 1.61641 4.5 -2.2248 0 0 0 0 0 0 0 0 0 0 0 0 0 0 0
1.61641 4.5 -2.2248 1.76336 4 -2.42705 0.92705 4 -2.85317 0 0 0 0 0 0 0 0 0 0 0 0 0 0 0
1.61641 4.5 -2.2248 0.92705 4 -2.85317 0.849796 4.5 -2.61541 0 0 0 0 0 0 0 0 0 0 0 0 0 0 0
0.849796 4.5 -2.61541 0.92705 4 -2.85317 -2.62268e-07 4 -3 0 0 0 0 0 0 0 0 0 0 0 0 0 0 0
0.849796 4.5 -2.61541 -2.62268e-07 4 -3 -2.40413e-07 4.5 -2.75 0 0 0 0 0 0 0 0 0 0 0 0 0 0 0
-2.40413e-07 4.5 -2.75 -2.62268e-07 4 -3 -0.927051 4 -2.85317 0 0 0 0 0 0 0 0 0 0 0 0 0 0 0
-2.40413e-07 4.5 -2.75 -0.927051 4 -2.85317 -0.849797 4.5 -2.61541 0 0 0 0 0 0 0 0 0 0 0 0 0 0 0
-0.849797 4.5 -2.61541 -0.927051 4 -2.85317 -1.76336 4 -2.42705 0 0 0 0 0 0 0 0 0 0 0 0 0 0 0
-0.849797 4.5 -2.61541 -1.76336 4 -2.42705 -1.61641 4.5 -2.2248 0 0 0 0 0 0 0 0 0 0 0 0 0 0 0
-1.61641 4.5 -2.2248 -1.76336 4 -2.42705 -2.42705 4 -1.76336 0 0 0 0 0 0 0 0 0 0 0 0 0 0 0
-1.61641 4.5 -2.2248 -2.42705 4 -1.76336 -2.2248 4.5 -1.61641 0 0 0 0 0 0 0 0 0 0 0 0 0 0 0
-2.2248 4.5 -1.61641 -2.42705 4 -1.76336 -2.85317 4 -0.927051 0 0 0 0 0 0 0 0 0 0 0 0 0 0 0
-2.2248 4.5 -1.61641 -2.85317 4 -0.927051 -2.61541 4.5 -0.849797 0 0 0 0 0 0 0 0 0 0 0 0 0 0 0
-2.61541 4.5 -0.849797 -2.85317 4 -0.927051 -3 4 3.57746e-08 0 0 0 0 0 0 0 0 0 0 0 0 0 0 0
-2.61541 4.5 -0.849797 -3 4 3.57746e-08 -2.75 4.5 3.27934e-08 0 0 0 0 0 0 0 0 0 0 0 0 0 0 0
-2.75 4.5 3.27934e-08 -3 4 3.57746e-08 -2.85317 4 0.927051 0 0 0 0 0 0 0 0 0 0 0 0 0 0 0
-2.75 4.5 3.27934e-08 -2.85317 4 0.927051 -2.61541 4.5 0.849797 0 0 0 0 0 0 0 0 0 0 0 0 0 0 0
-2.61541 4.5 0.849797 -2.85317 4 0.927051 -2.42705 4 1.76336 0 0 0 0 0 0 0 0 0 0 0 0 0 0 0
-2.61541 4.5 0.849797 -2.42705 4 1.76336 -2.2248 4.5 1.61641 0 0 0 0 0 0 0 0 0 0 0 0 0 0 0
-2.2248 4.5 1.61641 -2.42705 4 1.76336 -1.76335 4 2.42705 0 0 0 0 0 0 0 0 0 0 0 0 0 0 0
-2.2248 4.5 1.61641 -1.76335 4 2.42705 -1.61641 4.5 2.2248 0 0 0 0 0 0 0 0 0 0 0 0 0 0 0
-1.61641 4.5 2.2248 -1.76335 4 2.42705 -0.927051 4 2.85317 0 0 0 0 0 0 0 0 0 0 0 0 0 0 0
-1.61641 4.5 2.2248 -0.927051 4 2.85317 -0.849797 4.5 2.61541 0 0 0 0 0 0 0 0 0 0 0 0 0 0 0
-0.849797 4.5 2.61541 -0.927051 4 2.85317 5.24537e-07 4 3 0 0 0 0 0 0 0 0 0 0 0 0 0 0 0
-0.849797 4.5 2.61541 5.24537e-07 4 3 4.80825e-07 4.5 2.75 0 0 0 0 0 0 0 0 0 0 0 0 0 0 0
0 5 2.5 0 4.5 2.75 0.849797 4.5 2.61541 0 0 0 0 0 0 0 0 0 0 0 0 0 0 0
0 5 2.5 0.849797 4.5 2.61541 0.772542 5 2.37764 0 0 0 0 0 0 0 0 0 0 0 0 0 0 0
0.772542 5 2.37764 0.849797 4.5 2.61541 1.61641 4.5 2.2248 0 0 0 0 0 0 0 0 0 0 0 0 0 0 0
0.772542 5 2.37764 1.61641 4.5 2.2248 1.46946 5 2.02254 0 0 0 0 0 0 0 0 0 0 0 0 0 0 0
1.46946 5 2.02254 1.61641 4.5 2.2248 2.2248 4.5 1.61641 0 0 0 0 0 0 0 0 0 0 0 0 0 0 0
1.46946 5 2.02254 2.2248 4.5 1.61641 2.02254 5 1.46946 0 0 0 0 0 0 0 0 0 0 0 0 0 0 0
2.02254 5 1.46946 2.2248 4.5 1.61641 2.61541 4.5 0.849797 0 0 0 0 0 0 0 0 0 0 0 0 0 0 0
2.02254 5 1.46946 2.61541 4.5 0.849797 2.37764 5 0.772542 0 0 0 0 0 0 0 0 0 0 0 0 0 0 0
2.37764 5 0.772542 2.61541 4.5 0.849797 2.75 4.5 -1.20206e-07 0 0 0 0 0 0 0 0 0 0 0 0 0 0 0
2.37764 5 0.772542 2.75 4.5 -1.20206e-07 2.5 5 -1.09278e-07 0 0 0 0 0 0 0 0 0 0 0 0 0 0 0
2.5 5 -1.09278e-07 2.75 4.5 -1.20206e-07 2.61541 4.5 -0.849797 0 0 0 0 0 0 0 0 0 0 0 0 0 0 0
2.5 5 -1.09278e-07 2.61541 4.5 -0.849797 2.37764 5 -0.772543 0 0 0 0 0 0 0 0 0 0 0 0 0 0 0
2.37764 5 -0.772543 2.61541 4.5 -0.849797 2.2248 4.5 -1.61641 0 0 0 0 0 0 0 0 0 0 0 0 0 0 0
2.37764 5 -0.772543 2.2248 4.5 -1.61641 2.02254 5 -1.46946 0 0 0 0 0 0 0 0 0 0 0 0 0 0 0
2.02254 5 -1.46946 2.2248 4.5 -1.61641 1.61641 4.5 -2.2248 0 0 0 0 0 0 0 0 0 0 0 0 0 0 0
2.02254 5 -1.46946 1.61641 4.5 -2.2248 1.46946 5 -2.02254 0 0 0 0 0 0 0 0 0 0 0 0 0 0 0
1.46946 5 -2.02254 1.61641 4.5 -2.2248 0.849796 4.5 -2.61541 0 0 0 0 0 0 0 0 0 0 0 0 0 0 0
1.46946 5 -2.02254 0.849796 4.5 -2.61541 0.772542 5 -2.37764 0 0 0 0 0 0 0 0 0 0 0 0 0 0 0
0.772542 5 -2.37764 0.849796 4.5 -2.61541 -2.40413e-07 4.5 -2.75 0 0 0 0 0 0 0 0 0 0 0 0 0 0 0
0.772542 5 -2.37764 -2.40413e-07 4.5 -2.75 -2.18557e-07 5 -2.5 0 0 0 0 0 0 0 0 0 0 0 0 0 0 0
-2.18557e-07 5 -2.5 -2.40413e-07 4.5 -2.75 -0.849797 4.5 -2.61541 0 0 0 0 0 0 0 0 0 0 0 0 0 0 0
-2.18557e-07 5 -2.5 -0.849797 4.5 -2.61541 -0.772542 5 -2.37764 0 0 0 0 0 0 0 0 0 0 0 0 0 0 0
-0.772542 5 -2.37764 -0.849797 4.5 -2.61541 -1.61641 4.5 -2.2248 0 0 0 0 0 0 0 0 0 0 0 0 0 0 0
-0.772542 5 -2.37764 -1.61641 4.5 -2.2248 -1.46946 5 -2.02254 0 0 0 0 0 0 0 0 0 0 0 0 0 0 0
-1.46946 5 -2.02254 -1.61641 4.5 -2.2248 -2.2248 4.5 -1.61641 0 0 0 0 0 0 0 0 0 0 0 0 0 0 0
-1.46946 5 -2.02254 -2.2248 4.5 -1.61641 -2.02254 5 -1.46946 0 0 0 0 0 0 0 0 0 0 0 0 0 0 0
-2.02254 5 -1.46946 -2.2248 4.5 -1.61641 -2.61541 4.5 -0.849797 0 0 0 0 0 0 0 0 0 0 0 0 0 0 0
-2.02254 5 -1.46946 -2.61541 4.5 -0.849797 -2.37764 5 -0.772543 0 0 0 0 0 0 0 0 0 0 0 0 0 0 0
-2.37764 5 -0.772543 -2.61541 4.5 -0.849797 -2.75 4.5 3.27934e-08 0 0 0 0 0 0 0 0 0 0 0 0 0 0 0
-2.37764 5 -0.772543 -2.75 4.5 3.27934e-08 -2.5 5 2.98122e-08 0 0 0 0 0 0 0 0 0 0 0 0 0 0 0
-2.5 5 2.98122e-08 -2.75 4.5 3.27934e-08 -2.61541 4.5 0.849797 0 0 0 0 0 0 0 0 0 0 0 0 0 0 0
-2.5 5 2.98122e-08 -2.61541 4.5 0.849797 -2.37764 5 0.772543 0 0 0 0 0 0 0 0 0 0 0 0 0 0 0
-2.37764 5 0.772543 -2.61541 4.5 0.849797 -2.2248 4.5 1.61641 0 0 0 0 0 0 0 0 0 0 0 0 0 0 0
-2.37764 5 0.772543 -2.2248 4.5 1.61641 -2.02254 5 1.46946 0 0 0 0 0 0 0 0 0 0 0 0 0 0 0
-2.02254 5 1.46946 -2.2248 4.5 1.61641 -1.61641 4.5 2.2248 0 0 0 0 0 0 0 0 0 0 0 0 0 0 0
-2.02254 5 1.46946 -1.61641 4.5 2.2248 -1.46946 5 2.02254 0 0 0 0 0 0 0 0 0 0 0 0 0 0 0
-1.46946 5 2.02254 -1.61641 4.5 2.2248 -0.849797 4.5 2.61541 0 0 0 0 0 0 0 0 0 0 0 0 0 0 0
-1.46946 5 2.02254 -0.849797 4.5 2.61541 -0.772542 5 2.37764 0 0 0 0 0 0 0 0 0 0 0 0 0 0 0
-0.772542 5 2.37764 -0.849797 4.5 2.61541 4.80825e-07 4.5 2.75 0 0 0 0 0 0 0 0 0 0 0 0 0 0 0
-0.772542 5 2.37764 4.80825e-07 4.5 2.75 4.37114e-07 5 2.5 0 0 0 0 0 0 0 0 0 0 0 0 0 0 0
0 5.5 2.25 0 5 2.5 0.772542 5 2.37764 0 0 0 0 0 0 0 0 0 0 0 0 0 0 0
0 5.5 2.25 0.772542 5 2.37764 0.695288 5.5 2.13988 0 0 0 0 0 0 0 0 0 0 0 0 0 0 0
0.695288 5.5 2.13988 0.772542 5 2.37764 1.46946 5 2.02254 0 0 0 0 0 0 0 0 0 0 0 0 0 0 0
0.695288 5.5 2.13988 1.46946 5 2.02254 1.32252 5.5 1.82029 0 0 0 0 0 0 0 0 0 0 0 0 0 0 0
1.32252 5.5 1.82029 1.46946 5 2.02254 2.02254 5 1.46946 0 0 0 0 0 0 0 0 0 0 0 0 0 0 0
1.32252 5.5 1.82029 2.02254 5 1.46946 1.82029 5.5 1.32252 0 0 0 0 0 0 0 0 0 0 0 0 0 0 0
1.82029 5.5 1.32252 2.02254 5 1.46946 2.37764 5 0.772542 0 0 0 0 0 0 0 0 0 0 0 0 0 0 0
1.82029 5.5 1.32252 2.37764 5 0.772542 2.13988 5.5 0.695288 0 0 0 0 0 0 0 0 0 0 0 0 0 0 0
2.13988 5.5 0.695288 2.37764 5 0.772542 2.5 5 -1.09278e-07 0 0 0 0 0 0 0 0 0 0 0 0 0 0 0
2.13988 5.5 0.695288 2.5 5 -1.09278e-07 2.25 5.5 -9.83506e-08 0 0 0 0 0 0 0 0 0 0 0 0 0 0 0
2.25 5.5 -9.83506e-08 2.5 5 -1.09278e-07 2.37764 5 -0.772543 0 0 0 0 0 0 0 0 0 0 0 0 0 0 0
2.25 5.5 -9.83506e-08 2.37764 5 -0.772543 2.13988 5.5 -0.695288 0 0 0 0 0 0 0 0 0 0 0 0 0 0 0
2.13988 5.5 -0.695288 2.37764 5 -0.772543 2.02254 5 -1.46946 0 0 0 0 0 0 0 0 0 0 0 0 0 0 0
2.13988 5.5 -0.695288 2.02254 5 -1.46946 1.82029 5.5 -1.32252 0 0 0 0 0 0 0 0 0 0 0 0 0 0 0
1.82029 5.5 -1.32252 2.02254 5 -1.46946 1.46946 5 -2.02254 0 0 0 0 0 0 0 0 0 0 0 0 0 0 0
1.82029 5.5 -1.32252 1.46946 5 -2.02254 1.32252 5.5 -1.82029 0 0 0 0 0 0 0 0 0 0 0 0 0 0 0
1.32252 5.5 -1.82029 1.46946 5 -2.02254 0.772542 5 -2.37764 0 0 0 0 0 0 0 0 0 0 0 0 0 0 0
1.32252 5.5 -1.82029 0.772542 5 -2.37764 0.695288 5.5 -2.13988 0 0 0 0 0 0 0 0 0 0 0 0 0 0 0
0.695288 5.5 -2.13988 0.772542 5 -2.37764 -2.18557e-07 5 -2.5 0 0 0 0 0 0 0 0 0 0 0 0 0 0 0
0.695288 5.5 -2.13988 -2.18557e-07 5 -2.5 -1.96701e-07 5.5 -2.25 0 0 0 0 0 0 0 0 0 0 0 0 0 0 0
-1.96701e-07 5.5 -2.25 -2.18557e-07 5 -2.5 -0.772542 5 -2.37764 0 0 0 0 0 0 0 0 0 0 0 0 0 0 0
-1.96701e-07 5.5 -2.25 -0.772542 5 -2.37764 -0.695288 5.5 -2.13988 0 0 0 0 0 0 0 0 0 0 0 0 0 0 0
-0.695288 5.5 -2.13988 -0.772542 5 -2.37764 -1.46946 5 -2.02254 0 0 0 0 0 0 0 0 0 0 0 0 0 0 0
-0.695288 5.5 -2.13988 -1.46946 5 -2.02254 -1.32252 5.5 -1.82029 0 0 0 0 0 0 0 0 0 0 0 0 0 0 0
-1.32252 5.5 -1.82029 -1.46946 5 -2.02254 -2.02254 5 -1.46946 0 0 0 0 0 0 0 0 0 0 0 0 0 0 0
-1.32252 5.5 -1.82029 -2.02254 5 -1.46946 -1.82029 5.5 -1.32252 0 0 0 0 0 0 0 0 0 0 0 0 0 0 0
-1.82029 5.5 -1.32252 -2.02254 5 -1.46946 -2.37764 5 -0.772543 0 0 0 0 0 0 0 0 0 0 0 0 0 0 0
-1.82029 5.5 -1.32252 -2.37764 5 -0.772543 -2.13988 5.5 -0.695288 0 0 0 0 0 0 0 0 0 0 0 0 0 0 0
-2.13988 5.5 -0.695288 -2.37764 5 -0.772543 -2.5 5 2.98122e-08 0 0 0 0 0 0 0 0 0 0 0 0 0 0 0
-2.13988 5.5 -0.695288 -2.5 5 2.98122e-08 -2.25 5.5 2.6831e-08 0 0 0 0 0 0 0 0 0 0 0 0 0 0 0
-2.25 5.5 2.6831e-08 -2.5 5 2.98122e-08 -2.37764 5 0.772543 0 0 0 0 0 0 0 0 0 0 0 0 0 0 0
-2.25 5.5 2.6831e-08 -2.37764 5 0.772543 -2.13988 5.5 0.695289 0 0 0 0 0 0 0 0 0 0 0 0 0 0 0
-2.13988 5.5 0.695289 -2.37764 5 0.772543 -2.02254 5 1.46946 0 0 0 0 0 0 0 0 0 0 0 0 0 0 0
-2.13988 5.5 0.695289 -2.02254 5 1.46946 -1.82029 5.5 1.32252 0 0 0 0 0 0 0 0 0 0 0 0 0 0 0
-1.82029 5.5 1.32252 -2.02254 5 1.46946 -1.46946 5 2.02254 0 0 0 0 0 0 0 0 0 0 0 0 0 0 0
-1.82029 5.5 1.32252 -1.46946 5 2.02254 -1.32252 5.5 1.82029 0 0 0 0 0 0 0 0 0 0 0 0 0 0 0
-1.32252 5.5 1.82029 -1.46946 5 2.02254 -0.772542 5 2.37764 0 0 0 0 0 0 0 0 0 0 0 0 0 0 0
-1.32252 5.5 1.82029 -0.772542 5 2.37764 -0.695288 5.5 2.13988 0 0 0 0 0 0 0 0 0 0 0 0 0 0 0
-0.695288 5.5 2.13988 -0.772542 5 2.37764 4.37114e-07 5 2.5 0 0 0 0 0 0 0 0 0 0 0 0 0 0 0
-0.695288 5.5 2.13988 4.37114e-07 5 2.5 3.93403e-07 5.5 2.25 0 0 0 0 0 0 0 0 0 0 0 0 0 0 0
0 6 2 0 5.5 2.25 0.695288 5.5 2.13988 0 0 0 0 0 0 0 0 0 0 0 0 0 0 0
0 6 2 0.695288 5.5 2.13988 0.618034 6 1.90211 0 0 0 0 0 0 0 0 0 0 0 0 0 0 0
0.618034 6 1.90211 0.695288 5.5 2.13988 1.32252 5.5 1.82029 0 0 0 0 0 0 0 0 0 0 0 0 0 0 0
0.618034 6 1.90211 1.32252 5.5 1.82029 1.17557 6 1.61803 0 0 0 0 0 0 0 0 0 0 0 0 0 0 0
1.17557 6 1.61803 1.32252 5.5 1.82029 1.82029 5.5 1.32252 0 0 0 0 0 0 0 0 0 0 0 0 0 0 0
1.17557 6 1.61803 1.82029 5.5 1.32252 1.61803 6 1.17557 0 0 0 0 0 0 0 0 0 0 0 0 0 0 0
1.61803 6 1.17557 1.82029 5.5 1.32252 2.13988 5.5 0.695288 0 0 0 0 0 0 0 0 0 0 0 0 0 0 0
1.61803 6 1.17557 2.13988 5.5 0.695288 1.90211 6 0.618034 0 0 0 0 0 0 0 0 0 0 0 0 0 0 0
1.90211 6 0.618034 2.13988 5.5 0.695288 2.25 5.5 -9.83506e-08 0 0 0 0 0 0 0 0 0 0 0 0 0 0 0
1.90211 6 0.618034 2.25 5.5 -9.83506e-08 2 6 -8.74228e-08 0 0 0 0 0 0 0 0 0 0 0 0 0 0 0
2 6 -8.74228e-08 2.25 5.5 -9.83506e-08 2.13988 5.5 -0.695288 0 0 0 0 0 0 0 0 0 0 0 0 0 0 0
2 6 -8.74228e-08 2.13988 5.5 -0.695288 1.90211 6 -0.618034 0 0 0 0 0 0 0 0 0 0 0 0 0 0 0
1.90211 6 -0.618034 2.13988 5.5 -0.695288 1.82029 5.5 -1.32252 0 0 0 0 0 0 0 0 0 0 0 0 0 0 0
1.90211 6 -0.618034 1.82029 5.5 -1.32252 1.61803 6 -1.17557 0 0 0 0 0 0 0 0 0 0 0 0 0 0 0
1.61803 6 -1.17557 1.82029 5.5 -1.32252 1.32252 5.5 -1.82029 0 0 0 0 0 0 0 0 0 0 0 0 0 0 0
1.61803 6 -1.17557 1.32252 5.5 -1.82029 1.17557 6 -1.61803 0 0 0 0 0 0 0 0 0 0 0 0 0 0 0
1.17557 6 -1.61803 1.32252 5.5 -1.82029 0.695288 5.5 -2.13988 0 0 0 0 0 0 0 0 0 0 0 0 0 0 0
1.17557 6 -1.61803 0.695288 5.5 -2.13988 0.618034 6 -1.90211 0 0 0 0 0 0 0 0 0 0 0 0 0 0 0
0.618034 6 -1.90211 0.695288 5.5 -2.13988 -1.96701e-07 5.5 -2.25 0 0 0 0 0 0 0 0 0 0 0 0 0 0 0
0.618034 6 -1.90211 -1.96701e-07 5.5 -2.25 -1.74846e-07 6 -2 0 0 0 0 0 0 0 0 0 0 0 0 0 0 0
-1.74846e-07 6 -2 -1.96701e-07 5.5 -2.25 -0.695288 5.5 -2.13988 0 0 0 0 0 0 0 0 0 0 0 0 0 0 0
-1.74846e-07 6 -2 -0.695288 5.5 -2.13988 -0.618034 6 -1.90211 0 0 0 0 0 0 0 0 0 0 0 0 0 0 0
-0.618034 6 -1.90211 -0.695288 5.5 -2.13988 -1.32252 5.5 -1.82029 0 0 0 0 0 0 0 0 0 0 0 0 0 0 0
-0.618034 6 -1.90211 -1.32252 5.5 -1.82029 -1.17557 6 -1.61803 0 0 0 0 0 0 0 0 0 0 0 0 0 0 0
-1.17557 6 -1.61803 -1.32252 5.5 -1.82029 -1.82029 5.5 -1.32252 0 0 0 0 0 0 0 0 0 0 0 0 0 0 0
-1.17557 6 -1.61803 -1.82029 5.5 -1.32252 -1.61803 6 -1.17557 0 0 0 0 0 0 0 0 0 0 0 0 0 0 0
-1.61803 6 -1.17557 -1.82029 5.5 -1.32252 -2.13988 5.5 -0.695288 0 0 0 0 0 0 0 0 0 0 0 0 0 0 0
-1.61803 6 -1.17557 -2.13988 5.5 -0.695288 -1.90211 6 -0.618034 0 0 0 0 0 0 0 0 0 0 0 0 0 0 0
-1.90211 6 -0.618034 -2.13988 5.5 -0.695288 -2.25 5.5 2.6831e-08 0 0 0 0 0 0 0 0 0 0 0 0 0 0 0
-1.90211 6 -0.618034 -2.25 5.5 2.6831e-08 -2 6 2.38498e-08 0 0 0 0 0 0 0 0 0 0 0 0 0 0 0
-2 6 2.38498e-08 -2.25 5.5 2.6831e-08 -2.13988 5.5 0.695289 0 0 0 0 0 0 0 0 0 0 0 0 0 0 0
-2 6 2.38498e-08 -2.13988 5.5 0.695289 -1.90211 6 0.618034 0 0 0 0 0 0 0 0 0 0 0 0 0 0 0
-1.90211 6 0.618034 -2.13988 5.5 0.695289 -1.82029 5.5 1.32252 0 0 0 0 0 0 0 0 0 0 0 0 0 0 0
-1.90211 6 0.618034 -1.82029 5.5 1.32252 -1.61803 6 1.17557 0 0 0 0 0 0 0 0 0 0 0 0 0 0 0
-1.61803 6 1.17557 -1.82029 5.5 1.32252 -1.32252 5.5 1.82029 0 0 0 0 0 0 0 0 0 0 0 0 0 0 0
-1.61803 6 1.17557 -1.32252 5.5 1.82029 -1.17557 6 1.61803 0 0 0 0 0 0 0 0 0 0 0 0 0 0 0
-1.17557 6 1.61803 -1.32252 5.5 1.82029 -0.695288 5.5 2.13988 0 0 0 0 0 0 0 0 0 0 0 0 0 0 0
-1.17557 6 1.61803 -0.695288 5.5 2.13988 -0.618034 6 1.90211 0 0 0 0 0 0 0 0 0 0 0 0 0 0 0
-0.618034 6 1.90211 -0.695288 5.5 2.13988 3.93403e-07 5.5 2.25 0 0 0 0 0 0 0 0 0 0 0 0 0 0 0
-0.618034 6 1.90211 3.93403e-07 5.5 2.25 3.49691e-07 6 2 0 0 0 0 0 0 0 0 0 0 0 0 0 0 0
0 6.5 1.75 0 6 2 0.618034 6 1.90211 0 0 0 0 0 0 0 0 0 0 0 0 0 0 0
0 6.5 1.75 0.618034 6 1.90211 0.54078 6.5 1.66435 0 0 0 0 0 0 0 0 0 0 0 0 0 0 0
0.54078 6.5 1.66435 0.618034 6 1.90211 1.17557 6 1.61803 0 0 0 0 0 0 0 0 0 0 0 0 0 0 0
0.54078 6.5 1.66435 1.17557 6 1.61803 1.02862 6.5 1.41578 0 0 0 0 0 0 0 0 0 0 0 0 0 0 0
1.02862 6.5 1.41578 1.17557 6 1.61803 1.61803 6 1.17557 0 0 0 0 0 0 0 0 0 0 0 0 0 0 0
1.02862 6.5 1.41578 1.61803 6 1.17557 1.41578 6.5 1.02862 0 0 0 0 0 0 0 0 0 0 0 0 0 0 0
1.41578 6.5 1.02862 1.61803 6 1.17557 1.90211 6 0.618034 0 0 0 0 0 0 0 0 0 0 0 0 0 0 0
1.41578 6.5 1.02862 1.90211 6 0.618034 1.66435 6.5 0.54078 0 0 0 0 0 0 0 0 0 0 0 0 0 0 0
1.66435 6.5 0.54078 1.90211 6 0.618034 2 6 -8.74228e-08 0 0 0 0 0 0 0 0 0 0 0 0 0 0 0
1.66435 6.5 0.54078 2 6 -8.74228e-08 1.75 6.5 -7.64949e-08 0 0 0 0 0 0 0 0 0 0 0 0 0 0 0
1.75 6.5 -7.64949e-08 2 6 -8.74228e-08 1.90211 6 -0.618034 0 0 0 0 0 0 0 0 0 0 0 0 0 0 0
1.75 6.5 -7.64949e-08 1.90211 6 -0.618034 1.66435 6.5 -0.54078 0 0 0 0 0 0 0 0 0 0 0 0 0 0 0
1.66435 6.5 -0.54078 1.90211 6 -0.618034 1.61803 6 -1.17557 0 0 0 0 0 0 0 0 0 0 0 0 0 0 0
1.66435 6.5 -0.54078 1.61803 6 -1.17557 1.41578 6.5 -1.02862 0 0 0 0 0 0 0 0 0 0 0 0 0 0 0
1.41578 6.5 -1.02862 1.61803 6 -1.17557 1.17557 6 -1.61803 0 0 0 0 0 0 0 0 0 0 0 0 0 0 0
1.41578 6.5 -1.02862 1.17557 6 -1.61803 1.02862 6.5 -1.41578 0 0 0 0 0 0 0 0 0 0 0 0 0 0 0
1.02862 6.5 -1.41578 1.17557 6 -1.61803 0.618034 6 -1.90211 0 0 0 0 0 0 0 0 0 0 0 0 0 0 0
1.02862 6.5 -1.41578 0.618034 6 -1.90211 0.540779 6.5 -1.66435 0 0 0 0 0 0 0 0 0 0 0 0 0 0 0
0.540779 6.5 -1.66435 0.618034 6 -1.90211 -1.74846e-07 6 -2 0 0 0 0 0 0 0 0 0 0 0 0 0 0 0
0.540779 6.5 -1.66435 -1.74846e-07 6 -2 -1.5299e-07 6.5 -1.75 0 0 0 0 0 0 0 0 0 0 0 0 0 0 0
-1.5299e-07 6.5 -1.75 -1.74846e-07 6 -2 -0.618034 6 -1.90211 0 0 0 0 0 0 0 0 0 0 0 0 0 0 0
-1.5299e-07 6.5 -1.75 -0.618034 6 -1.90211 -0.54078 6.5 -1.66435 0 0 0 0 0 0 0 0 0 0 0 0 0 0 0
-0.54078 6.5 -1.66435 -0.618034 6 -1.90211 -1.17557 6 -1.61803 0 0 0 0 0 0 0 0 0 0 0 0 0 0 0
-0.54078 6.5 -1.66435 -1.17557 6 -1.61803 -1.02862 6.5 -1.41578 0 0 0 0 0 0 0 0 0 0 0 0 0 0 0
-1.02862 6.5 -1.41578 -1.17557 6 -1.61803 -1.61803 6 -1.17557 0 0 0 0 0 0 0 0 0 0 0 0 0 0 0
-1.02862 6.5 -1.41578 -1.61803 6 -1.17557 -1.41578 6.5 -1.02862 0 0 0 0 0 0 0 0 0 0 0 0 0 0 0
-1.41578 6.5 -1.02862 -1.61803 6 -1.17557 -1.90211 6 -0.618034 0 0 0 0 0 0 0 0 0 0 0 0 0 0 0
-1.41578 6.5 -1.02862 -1.90211 6 -0.618034 -1.66435 6.5 -0.54078 0 0 0 0 0 0 0 0 0 0 0 0 0 0 0
-1.66435 6.5 -0.54078 -1.90211 6 -0.618034 -2 6 2.38498e-08 0 0 0 0 0 0 0 0 0 0 0 0 0 0 0
-1.66435 6.5 -0.54078 -2 6 2.38498e-08 -1.75 6.5 2.08685e-08 0 0 0 0 0 0 0 0 0 0 0 0 0 0 0
-1.75 6.5 2.08685e-08 -2 6 2.38498e-08 -1.90211 6 0.618034 0 0 0 0 0 0 0 0 0 0 0 0 0 0 0
-1.75 6.5 2.08685e-08 -1.90211 6 0.618034 -1.66435 6.5 0.54078 0 0 0 0 0 0 0 0 0 0 0 0 0 0 0
-1.66435 6.5 0.54078 -1.90211 6 0.618034 -1.61803 6 1.17557 0 0 0 0 0 0 0 0 0 0 0 0 0 0 0
-1.66435 6.5 0.54078 -1.61803 6 1.17557 -1.41578 6.5 1.02862 0 0 0 0 0 0 0 0 0 0 0 0 0 0 0
-1.41578 6.5 1.02862 -1.61803 6 1.17557 -1.17557 6 1.61803 0 0 0 0 0 0 0 0 0 0 0 0 0 0 0
-1.41578 6.5 1.02862 -1.17557 6 1.61803 -1.02862 6.5 1.41578 0 0 0 0 0 0 0 0 0 0 0 0 0 0 0
-1.02862 6.5 1.41578 -1.17557 6 1.61803 -0.618034 6 1.90211 0 0 0 0 0 0 0 0 0 0 0 0 0 0 0
-1.02862 6.5 1.41578 -0.618034 6 1.90211 -0.54078 6.5 1.66435 0 0 0 0 0 0 0 0 0 0 0 0 0 0 0
-0.54078 6.5 1.66435 -0.618034 6 1.90211 3.49691e-07 6 2 0 0 0 0 0 0 0 0 0 0 0 0 0 0 0
-0.54078 6.5 1.66435 3.49691e-07 6 2 3.0598e-07 6.5 1.75 0 0 0 0 0 0 0 0 0 0 0 0 0 0 0
0 7 1.5 0 6.5 1.75 0.54078 6.5 1.66435 0 0 0 0 0 0 0 0 0 0 0 0 0 0 0
0 7 1.5 0.54078 6.5 1.66435 0.463526 7 1.42658 0 0 0 0 0 0 0 0 0 0 0 0 0 0 0
0.463526 7 1.42658 0.54078 6.5 1.66435 1.02862 6.5 1.41578 0 0 0 0 0 0 0 0 0 0 0 0 0 0 0
0.463526 7 1.42658 1.02862 6.5 1.41578 0.881678 7 1.21353 0 0 0 0 0 0 0 0 0 0 0 0 0 0 0
0.881678 7 1.21353 1.02862 6.5 1.41578 1.41578 6.5 1.02862 0 0 0 0 0 0 0 0 0 0 0 0 0 0 0
0.881678 7 1.21353 1.41578 6.5 1.02862 1.21353 7 0.881678 0 0 0 0 0 0 0 0 0 0 0 0 0 0 0
1.21353 7 0.881678 1.41578 6.5 1.02862 1.66435 6.5 0.54078 0 0 0 0 0 0 0 0 0 0 0 0 0 0 0
1.21353 7 0.881678 1.66435 6.5 0.54078 1.42658 7 0.463525 0 0 0 0 0 0 0 0 0 0 0 0 0 0 0
1.42658 7 0.463525 1.66435 6.5 0.54078 1.75 6.5 -7.64949e-08 0 0 0 0 0 0 0 0 0 0 0 0 0 0 0
1.42658 7 0.463525 1.75 6.5 -7.64949e-08 1.5 7 -6.55671e-08 0 0 0 0 0 0 0 0 0 0 0 0 0 0 0
1.5 7 -6.55671e-08 1.75 6.5 -7.64949e-08 1.66435 6.5 -0.54078 0 0 0 0 0 0 0 0 0 0 0 0 0 0 0
1.5 7 -6.55671e-08 1.66435 6.5 -0.54078 1.42658 7 -0.463526 0 0 0 0 0 0 0 0 0 0 0 0 0 0 0
1.42658 7 -0.463526 1.66435 6.5 -0.54078 1.41578 6.5 -1.02862 0 0 0 0 0 0 0 0 0 0 0 0 0 0 0
1.42658 7 -0.463526 1.41578 6.5 -1.02862 1.21353 7 -0.881678 0 0 0 0 0 0 0 0 0 0 0 0 0 0 0
1.21353 7 -0.881678 1.41578 6.5 -1.02862 1.02862 6.5 -1.41578 0 0 0 0 0 0 0 0 0 0 0 0 0 0 0
1.21353 7 -0.881678 1.02862 6.5 -1.41578 0.881678 7 -1.21353 0 0 0 0 0 0 0 0 0 0 0 0 0 0 0
0.881678 7 -1.21353 1.02862 6.5 -1.41578 0.540779 6.5 -1.66435 0 0 0 0 0 0 0 0 0 0 0 0 0 0 0
0.881678 7 -1.21353 0.540779 6.5 -1.66435 0.463525 7 -1.42658 0 0 0 0 0 0 0 0 0 0 0 0 0 0 0
0.463525 7 -1.42658 0.540779 6.5 -1.66435 -1.5299e-07 6.5 -1.75 0 0 0 0 0 0 0 0 0 0 0 0 0 0 0
0.463525 7 -1.42658 -1.5299e-07 6.5 -1.75 -1.31134e-07 7 -1.5 0 0 0 0 0 0 0 0 0 0 0 0 0 0 0
-1.31134e-07 7 -1.5 -1.5299e-07 6.5 -1.75 -0.54078 6.5 -1.66435 0 0 0 0 0 0 0 0 0 0 0 0 0 0 0
-1.31134e-07 7 -1.5 -0.54078 6.5 -1.66435 -0.463525 7 -1.42658 0 0 0 0 0 0 0 0 0 0 0 0 0 0 0
-0.463525 7 -1.42658 -0.54078 6.5 -1.66435 -1.02862 6.5 -1.41578 0 0 0 0 0 0 0 0 0 0 0 0 0 0 0
-0.463525 7 -1.42658 -1.02862 6.5 -1.41578 -0.881678 7 -1.21353 0 0 0 0 0 0 0 0 0 0 0 0 0 0 0
-0.881678 7 -1.21353 -1.02862 6.5 -1.41578 -1.41578 6.5 -1.02862 0 0 0 0 0 0 0 0 0 0 0 0 0 0 0
-0.881678 7 -1.21353 -1.41578 6.5 -1.02862 -1.21353 7 -0.881678 0 0 0 0 0 0 0 0 0 0 0 0 0 0 0
-1.21353 7 -0.881678 -1.41578 6.5 -1.02862 -1.66435 6.5 -0.54078 0 0 0 0 0 0 0 0 0 0 0 0 0 0 0
-1.21353 7 -0.881678 -1.66435 6.5 -0.54078 -1.42658 7 -0.463526 0 0 0 0 0 0 0 0 0 0 0 0 0 0 0
-1.42658 7 -0.463526 -1.66435 6.5 -0.54078 -1.75 6.5 2.08685e-08 0 0 0 0 0 0 0 0 0 0 0 0 0 0 0
-1.42658 7 -0.463526 -1.75 6.5 2.08685e-08 -1.5 7 1.78873e-08 0 0 0 0 0 0 0 0 0 0 0 0 0 0 0
-1.5 7 1.78873e-08 -1.75 6.5 2.08685e-08 -1.66435 6.5 0.54078 0 0 0 0 0 0 0 0 0 0 0 0 0 0 0
-1.5 7 1.78873e-08 -1.66435 6.5 0.54078 -1.42658 7 0.463526 0 0 0 0 0 0 0 0 0 0 0 0 0 0 0
-1.42658 7 0.463526 -1.66435 6.5 0.54078 -1.41578 6.5 1.02862 0 0 0 0 0 0 0 0 0 0 0 0 0 0 0
-1.42658 7 0.463526 -1.41578 6.5 1.02862 -1.21353 7 0.881678 0 0 0 0 0 0 0 0 0 0 0 0 0 0 0
-1.21353 7 0.881678 -1.41578 6.5 1.02862 -1.02862 6.5 1.41578 0 0 0 0 0 0 0 0 0 0 0 0 0 0 0
-1.21353 7 0.881678 -1.02862 6.5 1.41578 -0.881677 7 1.21353 0 0 0 0 0 0 0 0 0 0 0 0 0 0 0
-0.881677 7 1.21353 -1.02862 6.5 1.41578 -0.54078 6.5 1.66435 0 0 0 0 0 0 0 0 0 0 0 0 0 0 0
-0.881677 7 1.21353 -0.54078 6.5 1.66435 -0.463525 7 1.42658 0 0 0 0 0 0 0 0 0 0 0 0 0 0 0
-0.463525 7 1.42658 -0.54078 6.5 1.66435 3.0598e-07 6.5 1.75 0 0 0 0 0 0 0 0 0 0 0 0 0 0 0
-0.463525 7 1.42658 3.0598e-07 6.5 1.75 2.62268e-07 7 1.5 0 0 0 0 0 0 0 0 0 0 0 0 0 0 0
0 7.5 1.25 0 7 1.5 0.463526 7 1.42658 0 0 0 0 0 0 0 0 0 0 0 0 0 0 0
0 7.5 1.25 0.463526 7 1.42658 0.386271 7.5 1.18882 0 0 0 0 0 0 0 0 0 0 0 0 0 0 0
0.386271 7.5 1.18882 0.463526 7 1.42658 0.881678 7 1.21353 0 0 0 0 0 0 0 0 0 0 0 0 0 0 0
0.386271 7.5 1.18882 0.881678 7 1.21353 0.734732 7.5 1.01127 0 0 0 0 0 0 0 0 0 0 0 0 0 0 0
0.734732 7.5 1.01127 0.881678 7 1.21353 1.21353 7 0.881678 0 0 0 0 0 0 0 0 0 0 0 0 0 0 0
0.734732 7.5 1.01127 1.21353 7 0.881678 1.01127 7.5 0.734732 0 0 0 0 0 0 0 0 0 0 0 0 0 0 0
1.01127 7.5 0.734732 1.21353 7 0.881678 1.42658 7 0.463525 0 0 0 0 0 0 0 0 0 0 0 0 0 0 0
1.01127 7.5 0.734732 1.42658 7 0.463525 1.18882 7.5 0.386271 0 0 0 0 0 0 0 0 0 0 0 0 0 0 0
1.18882 7.5 0.386271 1.42658 7 0.463525 1.5 7 -6.55671e-08 0 0 0 0 0 0 0 0 0 0 0 0 0 0 0
1.18882 7.5 0.386271 1.5 7 -6.55671e-08 1.25 7.5 -5.46392e-08 0 0 0 0 0 0 0 0 0 0 0 0 0 0 0
1.25 7.5 -5.46392e-08 1.5 7 -6.55671e-08 1.42658 7 -0.463526 0 0 0 0 0 0 0 0 0 0 0 0 0 0 0
1.25 7.5 -5.46392e-08 1.42658 7 -0.463526 1.18882 7.5 -0.386271 0 0 0 0 0 0 0 0 0 0 0 0 0 0 0
1.18882 7.5 -0.386271 1.42658 7 -0.463526 1.21353 7 -0.881678 0 0 0 0 0 0 0 0 0 0 0 0 0 0 0
1.18882 7.5 -0.386271 1.21353 7 -0.881678 1.01127 7.5 -0.734731 0 0 0 0 0 0 0 0 0 0 0 0 0 0 0
1.01127 7.5 -0.734731 1.21353 7 -0.881678 0.881678 7 -1.21353 0 0 0 0 0 0 0 0 0 0 0 0 0 0 0
1.01127 7.5 -0.734731 0.881678 7 -1.21353 0.734731 7.5 -1.01127 0 0 0 0 0 0 0 0 0 0 0 0 0 0 0
0.734731 7.5 -1.01127 0.881678 7 -1.21353 0.463525 7 -1.42658 0 0 0 0 0 0 0 0 0 0 0 0 0 0 0
0.734731 7.5 -1.01127 0.463525 7 -1.42658 0.386271 7.5 -1.18882 0 0 0 0 0 0 0 0 0 0 0 0 0 0 0
0.386271 7.5 -1.18882 0.463525 7 -1.42658 -1.31134e-07 7 -1.5 0 0 0 0 0 0 0 0 0 0 0 0 0 0 0
0.386271 7.5 -1.18882 -1.31134e-07 7 -1.5 -1.09278e-07 7.5 -1.25 0 0 0 0 0 0 0 0 0 0 0 0 0 0 0
-1.09278e-07 7.5 -1.25 -1.31134e-07 7 -1.5 -0.463525 7 -1.42658 0 0 0 0 0 0 0 0 0 0 0 0 0 0 0
-1.09278e-07 7.5 -1.25 -0.463525 7 -1.42658 -0.386271 7.5 -1.18882 0 0 0 0 0 0 0 0 0 0 0 0 0 0 0
-0.386271 7.5 -1.18882 -0.463525 7 -1.42658 -0.881678 7 -1.21353 0 0 0 0 0 0 0 0 0 0 0 0 0 0 0
-0.386271 7.5 -1.18882 -0.881678 7 -1.21353 -0.734732 7.5 -1.01127 0 0 0 0 0 0 0 0 0 0 0 0 0 0 0
-0.734732 7.5 -1.01127 -0.881678 7 -1.21353 -1.21353 7 -0.881678 0 0 0 0 0 0 0 0 0 0 0 0 0 0 0
-0.734732 7.5 -1.01127 -1.21353 7 -0.881678 -1.01127 7.5 -0.734731 0 0 0 0 0 0 0 0 0 0 0 0 0 0 0
-1.01127 7.5 -0.734731 -1.21353 7 -0.881678 -1.42658 7 -0.463526 0 0 0 0 0 0 0 0 0 0 0 0 0 0 0
-1.01127 7.5 -0.734731 -1.42658 7 -0.463526 -1.18882 7.5 -0.386271 0 0 0 0 0 0 0 0 0 0 0 0 0 0 0
-1.18882 7.5 -0.386271 -1.42658 7 -0.463526 -1.5 7 1.78873e-08 0 0 0 0 0 0 0 0 0 0 0 0 0 0 0
-1.18882 7.5 -0.386271 -1.5 7 1.78873e-08 -1.25 7.5 1.49061e-08 0 0 0 0 0 0 0 0 0 0 0 0 0 0 0
-1.25 7.5 1.49061e-08 -1.5 7 1.78873e-08 -1.42658 7 0.463526 0 0 0 0 0 0 0 0 0 0 0 0 0 0 0
-1.25 7.5 1.49061e-08 -1.42658 7 0.463526 -1.18882 7.5 0.386271 0 0 0 0 0 0 0 0 0 0 0 0 0 0 0
-1.18882 7.5 0.386271 -1.42658 7 0.463526 -1.21353 7 0.881678 0 0 0 0 0 0 0 0 0 0 0 0 0 0 0
-1.18882 7.5 0.386271 -1.21353 7 0.881678 -1.01127 7.5 0.734732 0 0 0 0 0 0 0 0 0 0 0 0 0 0 0
-1.01127 7.5 0.734732 -1.21353 7 0.881678 -0.881677 7 1.21353 0 0 0 0 0 0 0 0 0 0 0 0 0 0 0
-1.01127 7.5 0.734732 -0.881677 7 1.21353 -0.734731 7.5 1.01127 0 0 0 0 0 0 0 0 0 0 0 0 0 0 0
-0.734731 7.5 1.01127 -0.881677 7 1.21353 -0.463525 7 1.42658 0 0 0 0 0 0 0 0 0 0 0 0 0 0 0
-0.734731 7.5 1.01127 -0.463525 7 1.42658 -0.386271 7.5 1.18882 0 0 0 0 0 0 0 0 0 0 0 0 0 0 0
-0.386271 7.5 1.18882 -0.463525 7 1.42658 2.62268e-07 7 1.5 0 0 0 0 0 0 0 0 0 0 0 0 0 0 0
-0.386271 7.5 1.18882 2.62268e-07 7 1.5 2.18557e-07 7.5 1.25 0 0 0 0 0 0 0 0 0 0 0 0 0 0 0
0 8 1 0 7.5 1.25 0.386271 7.5 1.18882 0 0 0 0 0 0 0 0 0 0 0 0 0 0 0
0 8 1 0.386271 7.5 1.18882 0.309017 8 0.951057 0 0 0 0 0 0 0 0 0 0 0 0 0 0 0
0.309017 8 0.951057 0.386271 7.5 1.18882 0.734732 7.5 1.01127 0 0 0 0 0 0 0 0 0 0 0 0 0 0 0
0.309017 8 0.951057 0.734732 7.5 1.01127 0.587785 8 0.809017 0 0 0 0 0 0 0 0 0 0 0 0 0 0 0
0.587785 8 0.809017 0.734732 7.5 1.01127 1.01127 7.5 0.734732 0 0 0 0 0 0 0 0 0 0 0 0 0 0 0
0.587785 8 0.809017 1.01127 7.5 0.734732 0.809017 8 0.587785 0 0 0 0 0 0 0 0 0 0 0 0 0 0 0
0.809017 8 0.587785 1.01127 7.5 0.734732 1.18882 7.5 0.386271 0 0 0 0 0 0 0 0 0 0 0 0 0 0 0
0.809017 8 0.587785 1.18882 7.5 0.386271 0.951057 8 0.309017 0 0 0 0 0 0 0 0 0 0 0 0 0 0 0
0.951057 8 0.309017 1.18882 7.5 0.386271 1.25 7.5 -5.46392e-08 0 0 0 0 0 0 0 0 0 0 0 0 0 0 0
0.951057 8 0.309017 1.25 7.5 -5.46392e-08 1 8 -4.37114e-08 0 0 0 0 0 0 0 0 0 0 0 0 0 0 0
1 8 -4.37114e-08 1.25 7.5 -5.46392e-08 1.18882 7.5 -0.386271 0 0 0 0 0 0 0 0 0 0 0 0 0 0 0
1 8 -4.37114e-08 1.18882 7.5 -0.386271 0.951056 8 -0.309017 0 0 0 0 0 0 0 0 0 0 0 0 0 0 0
0.951056 8 -0.309017 1.18882 7.5 -0.386271 1.01127 7.5 -0.734731 0 0 0 0 0 0 0 0 0 0 0 0 0 0 0
0.951056 8 -0.309017 1.01127 7.5 -0.734731 0.809017 8 -0.587785 0 0 0 0 0 0 0 0 0 0 0 0 0 0 0
0.809017 8 -0.587785 1.01127 7.5 -0.734731 0.734731 7.5 -1.01127 0 0 0 0 0 0 0 0 0 0 0 0 0 0 0
0.809017 8 -0.587785 0.734731 7.5 -1.01127 0.587785 8 -0.809017 0 0 0 0 0 0 0 0 0 0 0 0 0 0 0
0.587785 8 -0.809017 0.734731 7.5 -1.01127 0.386271 7.5 -1.18882 0 0 0 0 0 0 0 0 0 0 0 0 0 0 0
0.587785 8 -0.809017 0.386271 7.5 -1.18882 0.309017 8 -0.951057 0 0 0 0 0 0 0 0 0 0 0 0 0 0 0
0.309017 8 -0.951057 0.386271 7.5 -1.18882 -1.09278e-07 7.5 -1.25 0 0 0 0 0 0 0 0 0 0 0 0 0 0 0
0.309017 8 -0.951057 -1.09278e-07 7.5 -1.25 -8.74228e-08 8 -1 0 0 0 0 0 0 0 0 0 0 0 0 0 0 0
-8.74228e-08 8 -1 -1.09278e-07 7.5 -1.25 -0.386271 7.5 -1.18882 0 0 0 0 0 0 0 0 0 0 0 0 0 0 0
-8.74228e-08 8 -1 -0.386271 7.5 -1.18882 -0.309017 8 -0.951057 0 0 0 0 0 0 0 0 0 0 0 0 0 0 0
-0.309017 8 -0.951057 -0.386271 7.5 -1.18882 -0.734732 7.5 -1.01127 0 0 0 0 0 0 0 0 0 0 0 0 0 0 0
-0.309017 8 -0.951057 -0.734732 7.5 -1.01127 -0.587785 8 -0.809017 0 0 0 0 0 0 0 0 0 0 0 0 0 0 0
-0.587785 8 -0.809017 -0.734732 7.5 -1.01127 -1.01127 7.5 -0.734731 0 0 0 0 0 0 0 0 0 0 0 0 0 0 0
-0.587785 8 -0.809017 -1.01127 7.5 -0.734731 -0.809017 8 -0.587785 0 0 0 0 0 0 0 0 0 0 0 0 0 0 0
-0.809017 8 -0.587785 -1.01127 7.5 -0.734731 -1.18882 7.5 -0.386271 0 0 0 0 0 0 0 0 0 0 0 0 0 0 0
-0.809017 8 -0.587785 -1.18882 7.5 -0.386271 -0.951056 8 -0.309017 0 0 0 0 0 0 0 0 0 0 0 0 0 0 0
-0.951056 8 -0.309017 -1.18882 7.5 -0.386271 -1.25 7.5 1.49061e-08 0 0 0 0 0 0 0 0 0 0 0 0 0 0 0
-0.951056 8 -0.309017 -1.25 7.5 1.49061e-08 -1 8 1.19249e-08 0 0 0 0 0 0 0 0 0 0 0 0 0 0 0
-1 8 1.19249e-08 -1.25 7.5 1.49061e-08 -1.18882 7.5 0.386271 0 0 0 0 0 0 0 0 0 0 0 0 0 0 0
-1 8 1.19249e-08 -1.18882 7.5 0.386271 -0.951056 8 0.309017 0 0 0 0 0 0 0 0 0 0 0 0 0 0 0
-0.951056 8 0.309017 -1.18882 7.5 0.386271 -1.01127 7.5 0.734732 0 0 0 0 0 0 0 0 0 0 0 0 0 0 0
-0.951056 8 0.309017 -1.01127 7.5 0.734732 -0.809017 8 0.587785 0 0 0 0 0 0 0 0 0 0 0 0 0 0 0
-0.809017 8 0.587785 -1.01127 7.5 0.734732 -0.734731 7.5 1.01127 0 0 0 0 0 0 0 0 0 0 0 0 0 0 0
-0.809017 8 0.587785 -0.734731 7.5 1.01127 -0.587785 8 0.809017 0 0 0 0 0 0 0 0 0 0 0 0 0 0 0
-0.587785 8 0.809017 -0.734731 7.5 1.01127 -0.386271 7.5 1.18882 0 0 0 0 0 0 0 0 0 0 0 0 0 0 0
-0.587785 8 0.809017 -0.386271 7.5 1.18882 -0.309017 8 0.951057 0 0 0 0 0 0 0 0 0 0 0 0 0 0 0
-0.309017 8 0.951057 -0.386271 7.5 1.18882 2.18557e-07 7.5 1.25 0 0 0 0 0 0 0 0 0 0 0 0 0 0 0
-0.309017 8 0.951057 2.18557e-07 7.5 1.25 1.74846e-07 8 1 0 0 0 0 0 0 0 0 0 0 0 0 0 0 0
0 8.5 0.75 0 8 1 0.309017 8 0.951057 0 0 0 0 0 0 0 0 0 0 0 0 0 0 0
0 8.5 0.75 0.309017 8 0.951057 0.231763 8.5 0.713292 0 0 0 0 0 0 0 0 0 0 0 0 0 0 0
0.231763 8.5 0.713292 0.309017 8 0.951057 0.587785 8 0.809017 0 0 0 0 0 0 0 0 0 0 0 0 0 0 0
0.231763 8.5 0.713292 0.587785 8 0.809017 0.440839 8.5 0.606763 0 0 0 0 0 0 0 0 0 0 0 0 0 0 0
0.440839 8.5 0.606763 0.587785 8 0.809017 0.809017 8 0.587785 0 0 0 0 0 0 0 0 0 0 0 0 0 0 0
0.440839 8.5 0.606763 0.809017 8 0.587785 0.606763 8.5 0.440839 0 0 0 0 0 0 0 0 0 0 0 0 0 0 0
0.606763 8.5 0.440839 0.809017 8 0.587785 0.951057 8 0.309017 0 0 0 0 0 0 0 0 0 0 0 0 0 0 0
0.606763 8.5 0.440839 0.951057 8 0.309017 0.713292 8.5 0.231763 0 0 0 0 0 0 0 0 0 0 0 0 0 0 0
0.713292 8.5 0.231763 0.951057 8 0.309017 1 8 -4.37114e-08 0 0 0 0 0 0 0 0 0 0 0 0 0 0 0
0.713292 8.5 0.231763 1 8 -4.37114e-08 0.75 8.5 -3.27835e-08 0 0 0 0 0 0 0 0 0 0 0 0 0 0 0
0.75 8.5 -3.27835e-08 1 8 -4.37114e-08 0.951056 8 -0.309017 0 0 0 0 0 0 0 0 0 0 0 0 0 0 0
0.75 8.5 -3.27835e-08 0.951056 8 -0.309017 0.713292 8.5 -0.231763 0 0 0 0 0 0 0 0 0 0 0 0 0 0 0
0.713292 8.5 -0.231763 0.951056 8 -0.309017 0.809017 8 -0.587785 0 0 0 0 0 0 0 0 0 0 0 0 0 0 0
0.713292 8.5 -0.231763 0.809017 8 -0.587785 0.606763 8.5 -0.440839 0 0 0 0 0 0 0 0 0 0 0 0 0 0 0
0.606763 8.5 -0.440839 0.809017 8 -0.587785 0.587785 8 -0.809017 0 0 0 0 0 0 0 0 0 0 0 0 0 0 0
0.606763 8.5 -0.440839 0.587785 8 -0.809017 0.440839 8.5 -0.606763 0 0 0 0 0 0 0 0 0 0 0 0 0 0 0
0.440839 8.5 -0.606763 0.587785 8 -0.809017 0.309017 8 -0.951057 0 0 0 0 0 0 0 0 0 0 0 0 0 0 0
0.440839 8.5 -0.606763 0.309017 8 -0.951057 0.231763 8.5 -0.713292 0 0 0 0 0 0 0 0 0 0 0 0 0 0 0
0.231763 8.5 -0.713292 0.309017 8 -0.951057 -8.74228e-08 8 -1 0 0 0 0 0 0 0 0 0 0 0 0 0 0 0
0.231763 8.5 -0.713292 -8.74228e-08 8 -1 -6.55671e-08 8.5 -0.75 0 0 0 0 0 0 0 0 0 0 0 0 0 0 0
-6.55671e-08 8.5 -0.75 -8.74228e-08 8 -1 -0.309017 8 -0.951057 0 0 0 0 0 0 0 0 0 0 0 0 0 0 0
-6.55671e-08 8.5 -0.75 -0.309017 8 -0.951057 -0.231763 8.5 -0.713292 0 0 0 0 0 0 0 0 0 0 0 0 0 0 0
-0.231763 8.5 -0.713292 -0.309017 8 -0.951057 -0.587785 8 -0.809017 0 0 0 0 0 0 0 0 0 0 0 0 0 0 0
-0.231763 8.5 -0.713292 -0.587785 8 -0.809017 -0.440839 8.5 -0.606763 0 0 0 0 0 0 0 0 0 0 0 0 0 0 0
-0.440839 8.5 -0.606763 -0.587785 8 -0.809017 -0.809017 8 -0.587785 0 0 0 0 0 0 0 0 0 0 0 0 0 0 0
-0.440839 8.5 -0.606763 -0.809017 8 -0.587785 -0.606763 8.5 -0.440839 0 0 0 0 0 0 0 0 0 0 0 0 0 0 0
-0.606763 8.5 -0.440839 -0.809017 8 -0.587785 -0.951056 8 -0.309017 0 0 0 0 0 0 0 0 0 0 0 0 0 0 0
-0.606763 8.5 -0.440839 -0.951056 8 -0.309017 -0.713292 8.5 -0.231763 0 0 0 0 0 0 0 0 0 0 0 0 0 0 0
-0.713292 8.5 -0.231763 -0.951056 8 -0.309017 -1 8 1.19249e-08 0 0 0 0 0 0 0 0 0 0 0 0 0 0 0
-0.713292 8.5 -0.231763 -1 8 1.19249e-08 -0.75 8.5 8.94366e-09 0 0 0 0 0 0 0 0 0 0 0 0 0 0 0
-0.75 8.5 8.94366e-09 -1 8 1.19249e-08 -0.951056 8 0.309017 0 0 0 0 0 0 0 0 0 0 0 0 0 0 0
-0.75 8.5 8.94366e-09 -0.951056 8 0.309017 -0.713292 8.5 0.231763 0 0 0 0 0 0 0 0 0 0 0 0 0 0 0
-0.713292 8.5 0.231763 -0.951056 8 0.309017 -0.809017 8 0.587785 0 0 0 0 0 0 0 0 0 0 0 0 0 0 0
-0.713292 8.5 0.231763 -0.809017 8 0.587785 -0.606763 8.5 0.440839 0 0 0 0 0 0 0 0 0 0 0 0 0 0 0
-0.606763 8.5 0.440839 -0.809017 8 0.587785 -0.587785 8 0.809017 0 0 0 0 0 0 0 0 0 0 0 0 0 0 0
-0.606763 8.5 0.440839 -0.587785 8 0.809017 -0.440839 8.5 0.606763 0 0 0 0 0 0 0 0 0 0 0 0 0 0 0
-0.440839 8.5 0.606763 -0.587785 8 0.809017 -0.309017 8 0.951057 0 0 0 0 0 0 0 0 0 0 0 0 0 0 0
-0.440839 8.5 0.606763 -0.309017 8 0.951057 -0.231763 8.5 0.713292 0 0 0 0 0 0 0 0 0 0 0 0 0 0 0
-0.231763 8.5 0.713292 -0.309017 8 0.951057 1.74846e-07 8 1 0 0 0 0 0 0 0 0 0 0 0 0 0 0 0
-0.231763 8.5 0.713292 1.74846e-07 8 1 1.31134e-07 8.5 0.75 0 0 0 0 0 0 0 0 0 0 0 0 0 0 0
0 9 0.5 0 8.5 0.75 0.231763 8.5 0.713292 0 0 0 0 0 0 0 0 0 0 0 0 0 0 0
0 9 0.5 0.231763 8.5 0.713292 0.154509 9 0.475528 0 0 0 0 0 0 0 0 0 0 0 0 0 0 0
0.154509 9 0.475528 0.231763 8.5 0.713292 0.440839 8.5 0.606763 0 0 0 0 0 0 0 0 0 0 0 0 0 0 0
0.154509 9 0.475528 0.440839 8.5 0.606763 0.293893 9 0.404509 0 0 0 0 0 0 0 0 0 0 0 0 0 0 0
0.293893 9 0.404509 0.440839 8.5 0.606763 0.606763 8.5 0.440839 0 0 0 0 0 0 0 0 0 0 0 0 0 0 0
0.293893 9 0.404509 0.606763 8.5 0.440839 0.404509 9 0.293893 0 0 0 0 0 0 0 0 0 0 0 0 0 0 0
0.404509 9 0.293893 0.606763 8.5 0.440839 0.713292 8.5 0.231763 0 0 0 0 0 0 0 0 0 0 0 0 0 0 0
0.404509 9 0.293893 0.713292 8.5 0.231763 0.475528 9 0.154508 0 0 0 0 0 0 0 0 0 0 0 0 0 0 0
0.475528 9 0.154508 0.713292 8.5 0.231763 0.75 8.5 -3.27835e-08 0 0 0 0 0 0 0 0 0 0 0 0 0 0 0
0.475528 9 0.154508 0.75 8.5 -3.27835e-08 0.5 9 -2.18557e-08 0 0 0 0 0 0 0 0 0 0 0 0 0 0 0
0.5 9 -2.18557e-08 0.75 8.5 -3.27835e-08 0.713292 8.5 -0.231763 0 0 0 0 0 0 0 0 0 0 0 0 0 0 0
0.5 9 -2.18557e-08 0.713292 8.5 -0.231763 0.475528 9 -0.154509 0 0 0 0 0 0 0 0 0 0 0 0 0 0 0
0.475528 9 -0.154509 0.713292 8.5 -0.231763 0.606763 8.5 -0.440839 0 0 0 0 0 0 0 0 0 0 0 0 0 0 0
0.475528 9 -0.154509 0.606763 8.5 -0.440839 0.404509 9 -0.293893 0 0 0 0 0 0 0 0 0 0 0 0 0 0 0
0.404509 9 -0.293893 0.606763 8.5 -0.440839 0.440839 8.5 -0.606763 0 0 0 0 0 0 0 0 0 0 0 0 0 0 0
0.404509 9 -0.293893 0.440839 8.5 -0.606763 0.293893 9 -0.404509 0 0 0 0 0 0 0 0 0 0 0 0 0 0 0
0.293893 9 -0.404509 0.440839 8.5 -0.606763 0.231763 8.5 -0.713292 0 0 0 0 0 0 0 0 0 0 0 0 0 0 0
0.293893 9 -0.404509 0.231763 8.5 -0.713292 0.154508 9 -0.475528 0 0 0 0 0 0 0 0 0 0 0 0 0 0 0
0.154508 9 -0.475528 0.231763 8.5 -0.713292 -6.55671e-08 8.5 -0.75 0 0 0 0 0 0 0 0 0 0 0 0 0 0 0
0.154508 9 -0.475528 -6.55671e-08 8.5 -0.75 -4.37114e-08 9 -0.5 0 0 0 0 0 0 0 0 0 0 0 0 0 0 0
-4.37114e-08 9 -0.5 -6.55671e-08 8.5 -0.75 -0.231763 8.5 -0.713292 0 0 0 0 0 0 0 0 0 0 0 0 0 0 0
-4.37114e-08 9 -0.5 -0.231763 8.5 -0.713292 -0.154508 9 -0.475528 0 0 0 0 0 0 0 0 0 0 0 0 0 0 0
-0.154508 9 -0.475528 -0.231763 8.5 -0.713292 -0.440839 8.5 -0.606763 0 0 0 0 0 0 0 0 0 0 0 0 0 0 0
-0.154508 9 -0.475528 -0.440839 8.5 -0.606763 -0.293893 9 -0.404508 0 0 0 0 0 0 0 0 0 0 0 0 0 0 0
-0.293893 9 -0.404508 -0.440839 8.5 -0.606763 -0.606763 8.5 -0.440839 0 0 0 0 0 0 0 0 0 0 0 0 0 0 0
-0.293893 9 -0.404508 -0.606763 8.5 -0.440839 -0.404509 9 -0.293893 0 0 0 0 0 0 0 0 0 0 0 0 0 0 0
-0.404509 9 -0.293893 -0.606763 8.5 -0.440839 -0.713292 8.5 -0.231763 0 0 0 0 0 0 0 0 0 0 0 0 0 0 0
-0.404509 9 -0.293893 -0.713292 8.5 -0.231763 -0.475528 9 -0.154509 0 0 0 0 0 0 0 0 0 0 0 0 0 0 0
-0.475528 9 -0.154509 -0.713292 8.5 -0.231763 -0.75 8.5 8.94366e-09 0 0 0 0 0 0 0 0 0 0 0 0 0 0 0
-0.475528 9 -0.154509 -0.75 8.5 8.94366e-09 -0.5 9 5.96244e-09 0 0 0 0 0 0 0 0 0 0 0 0 0 0 0
-0.5 9 5.96244e-09 -0.75 8.5 8.94366e-09 -0.713292 8.5 0.231763 0 0 0 0 0 0 0 0 0 0 0 0 0 0 0
-0.5 9 5.96244e-09 -0.713292 8.5 0.231763 -0.475528 9 0.154509 0 0 0 0 0 0 0 0 0 0 0 0 0 0 0
-0.475528 9 0.154509 -0.713292 8.5 0.231763 -0.606763 8.5 0.440839 0 0 0 0 0 0 0 0 0 0 0 0 0 0 0
-0.475528 9 0.154509 -0.606763 8.5 0.440839 -0.404508 9 0.293893 0 0 0 0 0 0 0 0 0 0 0 0 0 0 0
-0.404508 9 0.293893 -0.606763 8.5 0.440839 -0.440839 8.5 0.606763 0 0 0 0 0 0 0 0 0 0 0 0 0 0 0
-0.404508 9 0.293893 -0.440839 8.5 0.606763 -0.293892 9 0.404509 0 0 0 0 0 0 0 0 0 0 0 0 0 0 0
-0.293892 9 0.404509 -0.440839 8.5 0.606763 -0.231763 8.5 0.713292 0 0 0 0 0 0 0 0 0 0 0 0 0 0 0
-0.293892 9 0.404509 -0.231763 8.5 0.713292 -0.154508 9 0.475528 0 0 0 0 0 0 0 0 0 0 0 0 0 0 0
-0.154508 9 0.475528 -0.231763 8.5 0.713292 1.31134e-07 8.5 0.75 0 0 0 0 0 0 0 0 0 0 0 0 0 0 0
-0.154508 9 0.475528 1.31134e-07 8.5 0.75 8.74228e-08 9 0.5 0 0 0 0 0 0 0 0 0 0 0 0 0 0 0
0 9.5 0.25 0 9 0.5 0.154509 9 0.475528 0 0 0 0 0 0 0 0 0 0 0 0 0 0 0
0 9.5 0.25 0.154509 9 0.475528 0.0772543 9.5 0.237764 0 0 0 0 0 0 0 0 0 0 0 0 0 0 0
0.0772543 9.5 0.237764 0.154509 9 0.475528 0.293893 9 0.404509 0 0 0 0 0 0 0 0 0 0 0 0 0 0 0
0.0772543 9.5 0.237764 0.293893 9 0.404509 0.146946 9.5 0.202254 0 0 0 0 0 0 0 0 0 0 0 0 0 0 0
0.146946 9.5 0.202254 0.293893 9 0.404509 0.404509 9 0.293893 0 0 0 0 0 0 0 0 0 0 0 0 0 0 0
0.146946 9.5 0.202254 0.404509 9 0.293893 0.202254 9.5 0.146946 0 0 0 0 0 0 0 0 0 0 0 0 0 0 0
0.202254 9.5 0.146946 0.404509 9 0.293893 0.475528 9 0.154508 0 0 0 0 0 0 0 0 0 0 0 0 0 0 0
0.202254 9.5 0.146946 0.475528 9 0.154508 0.237764 9.5 0.0772542 0 0 0 0 0 0 0 0 0 0 0 0 0 0 0
0.237764 9.5 0.0772542 0.475528 9 0.154508 0.5 9 -2.18557e-08 0 0 0 0 0 0 0 0 0 0 0 0 0 0 0
0.237764 9.5 0.0772542 0.5 9 -2.18557e-08 0.25 9.5 -1.09278e-08 0 0 0 0 0 0 0 0 0 0 0 0 0 0 0
0.25 9.5 -1.09278e-08 0.5 9 -2.18557e-08 0.475528 9 -0.154509 0 0 0 0 0 0 0 0 0 0 0 0 0 0 0
0.25 9.5 -1.09278e-08 0.475528 9 -0.154509 0.237764 9.5 -0.0772543 0 0 0 0 0 0 0 0 0 0 0 0 0 0 0
0.237764 9.5 -0.0772543 0.475528 9 -0.154509 0.404509 9 -0.293893 0 0 0 0 0 0 0 0 0 0 0 0 0 0 0
0.237764 9.5 -0.0772543 0.404509 9 -0.293893 0.202254 9.5 -0.146946 0 0 0 0 0 0 0 0 0 0 0 0 0 0 0
0.202254 9.5 -0.146946 0.404509 9 -0.293893 0.293893 9 -0.404509 0 0 0 0 0 0 0 0 0 0 0 0 0 0 0
0.202254 9.5 -0.146946 0.293893 9 -0.404509 0.146946 9.5 -0.202254 0 0 0 0 0 0 0 0 0 0 0 0 0 0 0
0.146946 9.5 -0.202254 0.293893 9 -0.404509 0.154508 9 -0.475528 0 0 0 0 0 0 0 0 0 0 0 0 0 0 0
0.146946 9.5 -0.202254 0.154508 9 -0.475528 0.0772542 9.5 -0.237764 0 0 0 0 0 0 0 0 0 0 0 0 0 0 0
0.0772542 9.5 -0.237764 0.154508 9 -0.475528 -4.37114e-08 9 -0.5 0 0 0 0 0 0 0 0 0 0 0 0 0 0 0
0.0772542 9.5 -0.237764 -4.37114e-08 9 -0.5 -2.18557e-08 9.5 -0.25 0 0 0 0 0 0 0 0 0 0 0 0 0 0 0
-2.18557e-08 9.5 -0.25 -4.37114e-08 9 -0.5 -0.154508 9 -0.475528 0 0 0 0 0 0 0 0 0 0 0 0 0 0 0
-2.18557e-08 9.5 -0.25 -0.154508 9 -0.475528 -0.0772542 9.5 -0.237764 0 0 0 0 0 0 0 0 0 0 0 0 0 0 0
-0.0772542 9.5 -0.237764 -0.154508 9 -0.475528 -0.293893 9 -0.404508 0 0 0 0 0 0 0 0 0 0 0 0 0 0 0
-0.0772542 9.5 -0.237764 -0.293893 9 -0.404508 -0.146946 9.5 -0.202254 0 0 0 0 0 0 0 0 0 0 0 0 0 0 0
-0.146946 9.5 -0.202254 -0.293893 9 -0.404508 -0.404509 9 -0.293893 0 0 0 0 0 0 0 0 0 0 0 0 0 0 0
-0.146946 9.5 -0.202254 -0.404509 9 -0.293893 -0.202254 9.5 -0.146946 0 0 0 0 0 0 0 0 0 0 0 0 0 0 0
-0.202254 9.5 -0.146946 -0.404509 9 -0.293893 -0.475528 9 -0.154509 0 0 0 0 0 0 0 0 0 0 0 0 0 0 0
-0.202254 9.5 -0.146946 -0.475528 9 -0.154509 -0.237764 9.5 -0.0772543 0 0 0 0 0 0 0 0 0 0 0 0 0 0 0
-0.237764 9.5 -0.0772543 -0.475528 9 -0.154509 -0.5 9 5.96244e-09 0 0 0 0 0 0 0 0 0 0 0 0 0 0 0
-0.237764 9.5 -0.0772543 -0.5 9 5.96244e-09 -0.25 9.5 2.98122e-09 0 0 0 0 0 0 0 0 0 0 0 0 0 0 0
-0.25 9.5 2.98122e-09 -0.5 9 5.96244e-09 -0.475528 9 0.154509 0 0 0 0 0 0 0 0 0 0 0 0 0 0 0
-0.25 9.5 2.98122e-09 -0.475528 9 0.154509 -0.237764 9.5 0.0772543 0 0 0 0 0 0 0 0 0 0 0 0 0 0 0
-0.237764 9.5 0.0772543 -0.475528 9 0.154509 -0.404508 9 0.293893 0 0 0 0 0 0 0 0 0 0 0 0 0 0 0
-0.237764 9.5 0.0772543 -0.404508 9 0.293893 -0.202254 9.5 0.146946 0 0 0 0 0 0 0 0 0 0 0 0 0 0 0
-0.202254 9.5 0.146946 -0.404508 9 0.293893 -0.293892 9 0.404509 0 0 0 0 0 0 0 0 0 0 0 0 0 0 0
-0.202254 9.5 0.146946 -0.293892 9 0.404509 -0.146946 9.5 0.202254 0 0 0 0 0 0 0 0 0 0 0 0 0 0 0
-0.146946 9.5 0.202254 -0.293892 9 0.404509 -0.154508 9 0.475528 0 0 0 0 0 0 0 0 0 0 0 0 0 0 0
-0.146946 9.5 0.202254 -0.154508 9 0.475528 -0.0772542 9.5 0.237764 0 0 0 0 0 0 0 0 0 0 0 0 0 0 0
-0.0772542 9.5 0.237764 -0.154508 9 0.475528 8.74228e-08 9 0.5 0 0 0 0 0 0 0 0 0 0 0 0 0 0 0
-0.0772542 9.5 0.237764 8.74228e-08 9 0.5 4.37114e-08 9.5 0.25 0 0 0 0 0 0 0 0 0 0 0 0 0 0 0
0 10 0 0 9.5 0.25 0.0772543 9.5 0.237764 0 0 0 0 0 0 0 0 0 0 0 0 0 0 0
0 10 0 0.0772543 9.5 0.237764 0 10 0 0 0 0 0 0 0 0 0 0 0 0 0 0 0 0
0 10 0 0.0772543 9.5 0.237764 0.146946 9.5 0.202254 0 0 0 0 0 0 0 0 0 0 0 0 0 0 0
0 10 0 0.146946 9.5 0.202254 0 10 0 0 0 0 0 0 0 0 0 0 0 0 0 0 0 0
0 10 0 0.146946 9.5 0.202254 0.202254 9.5 0.146946 0 0 0 0 0 0 0 0 0 0 0 0 0 0 0
0 10 0 0.202254 9.5 0.146946 0 10 0 0 0 0 0 0 0 0 0 0 0 0 0 0 0 0
0 10 0 0.202254 9.5 0.146946 0.237764 9.5 0.0772542 0 0 0 0 0 0 0 0 0 0 0 0 0 0 0
0 10 0 0.237764 9.5 0.0772542 0 10 0 0 0 0 0 0 0 0 0 0 0 0 0 0 0 0
0 10 0 0.237764 9.5 0.0772542 0.25 9.5 -1.09278e-08 0 0 0 0 0 0 0 0 0 0 0 0 0 0 0
0 10 0 0.25 9.5 -1.09278e-08 0 10 -0 0 0 0 0 0 0 0 0 0 0 0 0 0 0 0
0 10 -0 0.25 9.5 -1.09278e-08 0.237764 9.5 -0.0772543 0 0 0 0 0 0 0 0 0 0 0 0 0 0 0
0 10 -0 0.237764 9.5 -0.0772543 0 10 -0 0 0 0 0 0 0 0 0 0 0 0 0 0 0 0
0 10 -0 0.237764 9.5 -0.0772543 0.202254 9.5 -0.146946 0 0 0 0 0 0 0 0 0 0 0 0 0 0 0
0 10 -0 0.202254 9.5 -0.146946 0 10 -0 0 0 0 0 0 0 0 0 0 0 0 0 0 0 0
0 10 -0 0.202254 9.5 -0.146946 0.146946 9.5 -0.202254 0 0 0 0 0 0 0 0 0 0 0 0 0 0 0
0 10 -0 0.146946 9.5 -0.202254 0 10 -0 0 0 0 0 0 0 0 0 0 0 0 0 0 0 0
0 10 -0 0.146946 9.5 -0.202254 0.0772542 9.5 -0.237764 0 0 0 0 0 0 0 0 0 0 0 0 0 0 0
0 10 -0 0.0772542 9.5 -0.237764 0 10 -0 0 0 0 0 0 0 0 0 0 0 0 0 0 0 0
0 10 -0 0.0772542 9.5 -0.237764 -2.18557e-08 9.5 -0.25 0 0 0 0 0 0 0 0 0 0 0 0 0 0 0
0 10 -0 -2.18557e-08 9.5 -0.25 -0 10 -0 0 0 0 0 0 0 0 0 0 0 0 0 0 0 0
-0 10 -0 -2.18557e-08 9.5 -0.25 -0.0772542 9.5 -0.237764 0 0 0 0 0 0 0 0 0 0 0 0 0 0 0
-0 10 -0 -0.0772542 9.5 -0.237764 -0 10 -0 0 0 0 0 0 0 0 0 0 0 0 0 0 0 0
-0 10 -0 -0.0772542 9.5 -0.237764 -0.146946 9.5 -0.202254 0 0 0 0 0 0 0 0 0 0 0 0 0 0 0
-0 10 -0 -0.146946 9.5 -0.202254 -0 10 -0 0 0 0 0 0 0 0 0 0 0 0 0 0 0 0
-0 10 -0 -0.146946 9.5 -0.202254 -0.202254 9.5 -0.146946 0 0 0 0 0 0 0 0 0 0 0 0 0 0 0
-0 10 -0 -0.202254 9.5 -0.146946 -0 10 -0 0 0 0 0 0 0 0 0 0 0 0 0 0 0 0
-0 10 -0 -0.202254 9.5 -0.146946 -0.237764 9.5 -0.0772543 0 0 0 0 0 0 0 0 0 0 0 0 0 0 0
-0 10 -0 -0.237764 9.5 -0.0772543 -0 10 -0 0 0 0 0 0 0 0 0 0 0 0 0 0 0 0
-0 10 -0 -0.237764 9.5 -0.0772543 -0.25 9.5 2.98122e-09 0 0 0 0 0 0 0 0 0 0 0 0 0 0 0
-0 10 -0 -0.25 9.5 2.98122e-09 -0 10 0 0 0 0 0 0 0 0 0 0 0 0 0 0 0 0
-0 10 0 -0.25 9.5 2.98122e-09 -0.237764 9.5 0.0772543 0 0 0 0 0 0 0 0 0 0 0 0 0 0 0
-0 10 0 -0.237764 9.5 0.0772543 -0 10 0 0 0 0 0 0 0 0 0 0 0 0 0 0 0 0
-0 10 0 -0.237764 9.5 0.0772543 -0.202254 9.5 0.146946 0 0 0 0 0 0 0 0 0 0 0 0 0 0 0
-0 10 0 -0.202254 9.5 0.146946 -0 10 0 0 0 0 0 0 0 0 0 0 0 0 0 0 0 0
-0 10 0 -0.202254 9.5 0.146946 -0.146946 9.5 0.202254 0 0 0 0 0 0 0 0 0 0 0 0 0 0 0
-0 10 0 -0.146946 9.5 0.202254 -0 10 0 0 0 0 0 0 0 0 0 0 0 0 0 0 0 0
-0 10 0 -0.146946 9.5 0.202254 -0.0772542 9.5 0.237764 0 0 0 0 0 0 0 0 0 0 0 0 0 0 0
-0 10 0 -0.0772542 9.5 0.237764 -0 10 0 0 0 0 0 0 0 0 0 0 0 0 0 0 0 0
-0 10 0 -0.0772542 9.5 0.237764 4.37114e-08 9.5 0.25 0 0 0 0 0 0 0 0 0 0 0 0 0 0 0
-0 10 0 4.37114e-08 9.5 0.25 0 10 0 0 0 0 0 0 0 0 0 0 0 0 0 0 0 0
