120
3 0 0 2.93444 0 0.623735 5.86889 0 1.24747 0 0 0 0 0 0 0 0 0 0 0 0 0 0 0
5.86889 0 1.24747 6 0 0 3 0 0 0 0 0 0 0 0 0 0 0 0 0 0 0 0 0
2.93444 0 0.623735 2.74064 0 1.22021 5.48127 0 2.44042 0 0 0 0 0 0 0 0 0 0 0 0 0 0 0
5.48127 0 2.44042 5.86889 0 1.24747 2.93444 0 0.623735 0 0 0 0 0 0 0 0 0 0 0 0 0 0 0
2.74064 0 1.22021 2.42705 0 1.76336 4.8541 0 3.52671 0 0 0 0 0 0 0 0 0 0 0 0 0 0 0
4.8541 0 3.52671 5.48127 0 2.44042 2.74064 0 1.22021 0 0 0 0 0 0 0 0 0 0 0 0 0 0 0
2.42705 0 1.76336 2.00739 0 2.22943 4.01478 0 4.45887 0 0 0 0 0 0 0 0 0 0 0 0 0 0 0
4.01478 0 4.45887 4.8541 0 3.52671 2.42705 0 1.76336 0 0 0 0 0 0 0 0 0 0 0 0 0 0 0
2.00739 0 2.22943 1.5 0 2.59808 3 0 5.19615 0 0 0 0 0 0 0 0 0 0 0 0 0 0 0
3 0 5.19615 4.01478 0 4.45887 2.00739 0 2.22943 0 0 0 0 0 0 0 0 0 0 0 0 0 0 0
1.5 0 2.59808 0.927051 0 2.85317 1.8541 0 5.70634 0 0 0 0 0 0 0 0 0 0 0 0 0 0 0
1.8541 0 5.70634 3 0 5.19615 1.5 0 2.59808 0 0 0 0 0 0 0 0 0 0 0 0 0 0 0
0.927051 0 2.85317 0.313585 0 2.98357 0.627171 0 5.96713 0 0 0 0 0 0 0 0 0 0 0 0 0 0 0
0.627171 0 5.96713 1.8541 0 5.70634 0.927051 0 2.85317 0 0 0 0 0 0 0 0 0 0 0 0 0 0 0
0.313585 0 2.98357 -0.313586 0 2.98357 -0.627171 0 5.96713 0 0 0 0 0 0 0 0 0 0 0 0 0 0 0
-0.627171 0 5.96713 0.627171 0 5.96713 0.313585 0 2.98357 0 0 0 0 0 0 0 0 0 0 0 0 0 0 0
-0.313586 0 2.98357 -0.927051 0 2.85317 -1.8541 0 5.70634 0 0 0 0 0 0 0 0 0 0 0 0 0 0 0
-1.8541 0 5.70634 -0.627171 0 5.96713 -0.313586 0 2.98357 0 0 0 0 0 0 0 0 0 0 0 0 0 0 0
-0.927051 0 2.85317 -1.5 0 2.59808 -3 0 5.19615 0 0 0 0 0 0 0 0 0 0 0 0 0 0 0
-3 0 5.19615 -1.8541 0 5.70634 -0.927051 0 2.85317 0 0 0 0 0 0 0 0 0 0 0 0 0 0 0
-1.5 0 2.59808 -2.00739 0 2.22943 -4.01478 0 4.45887 0 0 0 0 0 0 0 0 0 0 0 0 0 0 0
-4.01478 0 4.45887 -3 0 5.19615 -1.5 0 2.59808 0 0 0 0 0 0 0 0 0 0 0 0 0 0 0
-2.00739 0 2.22943 -2.42705 0 1.76336 -4.8541 0 3.52671 0 0 0 0 0 0 0 0 0 0 0 0 0 0 0
-4.8541 0 3.52671 -4.01478 0 4.45887 -2.00739 0 2.22943 0 0 0 0 0 0 0 0 0 0 0 0 0 0 0
-2.42705 0 1.76336 -2.74064 0 1.22021 -5.48127 0 2.44042 0 0 0 0 0 0 0 0 0 0 0 0 0 0 0
-5.48127 0 2.44042 -4.8541 0 3.52671 -2.42705 0 1.76336 0 0 0 0 0 0 0 0 0 0 0 0 0 0 0
-2.74064 0 1.22021 -2.93444 0 0.623735 -5.86889 0 1.24747 0 0 0 0 0 0 0 0 0 0 0 0 0 0 0
-5.86889 0 1.24747 -5.48127 0 2.44042 -2.74064 0 1.22021 0 0 0 0 0 0 0 0 0 0 0 0 0 0 0
-2.93444 0 0.623735 -3 0 -2.62268e-07 -6 0 -5.24537e-07 0 0 0 0 0 0 0 0 0 0 0 0 0 0 0
-6 0 -5.24537e-07 -5.86889 0 1.24747 -2.93444 0 0.623735 0 0 0 0 0 0 0 0 0 0 0 0 0 0 0
-3 0 -2.62268e-07 -2.93444 0 -0.623735 -5.86889 0 -1.24747 0 0 0 0 0 0 0 0 0 0 0 0 0 0 0
-5.86889 0 -1.24747 -6 0 -5.24537e-07 -3 0 -2.62268e-07 0 0 0 0 0 0 0 0 0 0 0 0 0 0 0
-2.93444 0 -0.623735 -2.74064 0 -1.22021 -5.48127 0 -2.44042 0 0 0 0 0 0 0 0 0 0 0 0 0 0 0
-5.48127 0 -2.44042 -5.86889 0 -1.24747 -2.93444 0 -0.623735 0 0 0 0 0 0 0 0 0 0 0 0 0 0 0
-2.74064 0 -1.22021 -2.42705 0 -1.76336 -4.8541 0 -3.52671 0 0 0 0 0 0 0 0 0 0 0 0 0 0 0
-4.8541 0 -3.52671 -5.48127 0 -2.44042 -2.74064 0 -1.22021 0 0 0 0 0 0 0 0 0 0 0 0 0 0 0
-2.42705 0 -1.76336 -2.00739 0 -2.22943 -4.01478 0 -4.45887 0 0 0 0 0 0 0 0 0 0 0 0 0 0 0
-4.01478 0 -4.45887 -4.8541 0 -3.52671 -2.42705 0 -1.76336 0 0 0 0 0 0 0 0 0 0 0 0 0 0 0
-2.00739 0 -2.22943 -1.5 0 -2.59808 -3 0 -5.19615 0 0 0 0 0 0 0 0 0 0 0 0 0 0 0
-3 0 -5.19615 -4.01478 0 -4.45887 -2.00739 0 -2.22943 0 0 0 0 0 0 0 0 0 0 0 0 0 0 0
-1.5 0 -2.59808 -0.927051 0 -2.85317 -1.8541 0 -5.70634 0 0 0 0 0 0 0 0 0 0 0 0 0 0 0
-1.8541 0 -5.70634 -3 0 -5.19615 -1.5 0 -2.59808 0 0 0 0 0 0 0 0 0 0 0 0 0 0 0
-0.927051 0 -2.85317 -0.313586 0 -2.98357 -0.627173 0 -5.96713 0 0 0 0 0 0 0 0 0 0 0 0 0 0 0
-0.627173 0 -5.96713 -1.8541 0 -5.70634 -0.927051 0 -2.85317 0 0 0 0 0 0 0 0 0 0 0 0 0 0 0
-0.313585 0 -2.98357 0.313587 0 -2.98357 0.627173 0 -5.96713 0 0 0 0 0 0 0 0 0 0 0 0 0 0 0
0.627173 0 -5.96713 -0.62717 0 -5.96713 -0.313585 0 -2.98357 0 0 0 0 0 0 0 0 0 0 0 0 0 0 0
0.313587 0 -2.98357 0.927051 0 -2.85317 1.8541 0 -5.70634 0 0 0 0 0 0 0 0 0 0 0 0 0 0 0
1.8541 0 -5.70634 0.627173 0 -5.96713 0.313587 0 -2.98357 0 0 0 0 0 0 0 0 0 0 0 0 0 0 0
0.927051 0 -2.85317 1.5 0 -2.59808 3 0 -5.19615 0 0 0 0 0 0 0 0 0 0 0 0 0 0 0
3 0 -5.19615 1.8541 0 -5.70634 0.927051 0 -2.85317 0 0 0 0 0 0 0 0 0 0 0 0 0 0 0
1.5 0 -2.59808 2.00739 0 -2.22944 4.01478 0 -4.45887 0 0 0 0 0 0 0 0 0 0 0 0 0 0 0
4.01478 0 -4.45887 3 0 -5.19615 1.5 0 -2.59808 0 0 0 0 0 0 0 0 0 0 0 0 0 0 0
2.00739 0 -2.22943 2.42705 0 -1.76335 4.8541 0 -3.52671 0 0 0 0 0 0 0 0 0 0 0 0 0 0 0
4.8541 0 -3.52671 4.01478 0 -4.45887 2.00739 0 -2.22943 0 0 0 0 0 0 0 0 0 0 0 0 0 0 0
2.42705 0 -1.76335 2.74064 0 -1.22021 5.48127 0 -2.44042 0 0 0 0 0 0 0 0 0 0 0 0 0 0 0
5.48127 0 -2.44042 4.8541 0 -3.52671 2.42705 0 -1.76335 0 0 0 0 0 0 0 0 0 0 0 0 0 0 0
2.74064 0 -1.22021 2.93444 0 -0.623735 5.86889 0 -1.24747 0 0 0 0 0 0 0 0 0 0 0 0 0 0 0
5.86889 0 -1.24747 5.48127 0 -2.44042 2.74064 0 -1.22021 0 0 0 0 0 0 0 0 0 0 0 0 0 0 0
2.93444 0 -0.623735 3 0 -9.05975e-07 6 0 -1.81195e-06 0 0 0 0 0 0 0 0 0 0 0 0 0 0 0
6 0 -1.81195e-06 5.86889 0 -1.24747 2.93444 0 -0.623735 0 0 0 0 0 0 0 0 0 0 0 0 0 0 0
3 0 -0 2.93444 0 -0.623735 5.86889 0 -1.24747 0 0 0 0 0 0 0 0 0 0 0 0 0 0 0
5.86889 0 -1.24747 6 0 -0 3 0 -0 0 0 0 0 0 0 0 0 0 0 0 0 0 0 0
2.93444 0 -0.623735 2.74064 0 -1.22021 5.48127 0 -2.44042 0 0 0 0 0 0 0 0 0 0 0 0 0 0 0
5.48127 0 -2.44042 5.86889 0 -1.24747 2.93444 0 -0.623735 0 0 0 0 0 0 0 0 0 0 0 0 0 0 0
2.74064 0 -1.22021 2.42705 0 -1.76336 4.8541 0 -3.52671 0 0 0 0 0 0 0 0 0 0 0 0 0 0 0
4.8541 0 -3.52671 5.48127 0 -2.44042 2.74064 0 -1.22021 0 0 0 0 0 0 0 0 0 0 0 0 0 0 0
2.42705 0 -1.76336 2.00739 0 -2.22943 4.01478 0 -4.45887 0 0 0 0 0 0 0 0 0 0 0 0 0 0 0
4.01478 0 -4.45887 4.8541 0 -3.52671 2.42705 0 -1.76336 0 0 0 0 0 0 0 0 0 0 0 0 0 0 0
2.00739 0 -2.22943 1.5 0 -2.59808 3 0 -5.19615 0 0 0 0 0 0 0 0 0 0 0 0 0 0 0
3 0 -5.19615 4.01478 0 -4.45887 2.00739 0 -2.22943 0 0 0 0 0 0 0 0 0 0 0 0 0 0 0
1.5 0 -2.59808 0.927051 0 -2.85317 1.8541 0 -5.70634 0 0 0 0 0 0 0 0 0 0 0 0 0 0 0
1.8541 0 -5.70634 3 0 -5.19615 1.5 0 -2.59808 0 0 0 0 0 0 0 0 0 0 0 0 0 0 0
0.927051 0 -2.85317 0.313585 0 -2.98357 0.627171 0 -5.96713 0 0 0 0 0 0 0 0 0 0 0 0 0 0 0
0.627171 0 -5.96713 1.8541 0 -5.70634 0.927051 0 -2.85317 0 0 0 0 0 0 0 0 0 0 0 0 0 0 0
0.313585 0 -2.98357 -0.313586 0 -2.98357 -0.627171 0 -5.96713 0 0 0 0 0 0 0 0 0 0 0 0 0 0 0
-0.627171 0 -5.96713 0.627171 0 -5.96713 0.313585 0 -2.98357 0 0 0 0 0 0 0 0 0 0 0 0 0 0 0
-0.313586 0 -2.98357 -0.927051 0 -2.85317 -1.8541 0 -5.70634 0 0 0 0 0 0 0 0 0 0 0 0 0 0 0
-1.8541 0 -5.70634 -0.627171 0 -5.96713 -0.313586 0 -2.98357 0 0 0 0 0 0 0 0 0 0 0 0 0 0 0
-0.927051 0 -2.85317 -1.5 0 -2.59808 -3 0 -5.19615 0 0 0 0 0 0 0 0 0 0 0 0 0 0 0
-3 0 -5.19615 -1.8541 0 -5.70634 -0.927051 0 -2.85317 0 0 0 0 0 0 0 0 0 0 0 0 0 0 0
-1.5 0 -2.59808 -2.00739 0 -2.22943 -4.01478 0 -4.45887 0 0 0 0 0 0 0 0 0 0 0 0 0 0 0
-4.01478 0 -4.45887 -3 0 -5.19615 -1.5 0 -2.59808 0 0 0 0 0 0 0 0 0 0 0 0 0 0 0
-2.00739 0 -2.22943 -2.42705 0 -1.76336 -4.8541 0 -3.52671 0 0 0 0 0 0 0 0 0 0 0 0 0 0 0
-4.8541 0 -3.52671 -4.01478 0 -4.45887 -2.00739 0 -2.22943 0 0 0 0 0 0 0 0 0 0 0 0 0 0 0
-2.42705 0 -1.76336 -2.74064 0 -1.22021 -5.48127 0 -2.44042 0 0 0 0 0 0 0 0 0 0 0 0 0 0 0
-5.48127 0 -2.44042 -4.8541 0 -3.52671 -2.42705 0 -1.76336 0 0 0 0 0 0 0 0 0 0 0 0 0 0 0
-2.74064 0 -1.22021 -2.93444 0 -0.623735 -5.86889 0 -1.24747 0 0 0 0 0 0 0 0 0 0 0 0 0 0 0
-5.86889 0 -1.24747 -5.48127 0 -2.44042 -2.74064 0 -1.22021 0 0 0 0 0 0 0 0 0 0 0 0 0 0 0
-2.93444 0 -0.623735 -3 0 2.62268e-07 -6 0 5.24537e-07 0 0 0 0 0 0 0 0 0 0 0 0 0 0 0
-6 0 5.24537e-07 -5.86889 0 -1.24747 -2.93444 0 -0.623735 0 0 0 0 0 0 0 0 0 0 0 0 0 0 0
-3 0 2.62268e-07 -2.93444 0 0.623735 -5.86889 0 1.24747 0 0 0 0 0 0 0 0 0 0 0 0 0 0 0
-5.86889 0 1.24747 -6 0 5.24537e-07 -3 0 2.62268e-07 0 0 0 0 0 0 0 0 0 0 0 0 0 0 0
-2.93444 0 0.623735 -2.74064 0 1.22021 -5.48127 0 2.44042 0 0 0 0 0 0 0 0 0 0 0 0 0 0 0
-5.48127 0 2.44042 -5.86889 0 1.24747 -2.93444 0 0.623735 0 0 0 0 0 0 0 0 0 0 0 0 0 0 0
-2.74064 0 1.22021 -2.42705 0 1.76336 -4.8541 0 3.52671 0 0 0 0 0 0 0 0 0 0 0 0 0 0 0
-4.8541 0 3.52671 -5.48127 0 2.44042 -2.74064 0 1.22021 0 0 0 0 0 0 0 0 0 0 0 0 0 0 0
-2.42705 0 1.76336 -2.00739 0 2.22943 -4.01478 0 4.45887 0 0 0 0 0 0 0 0 0 0 0 0 0 0 0
-4.01478 0 4.45887 -4.8541 0 3.52671 -2.42705 0 1.76336 0 0 0 0 0 0 0 0 0 0 0 0 0 0 0
-2.00739 0 2.22943 -1.5 0 2.59808 -3 0 5.19615 0 0 0 0 0 0 0 0 0 0 0 0 0 0 0
-3 0 5.19615 -4.01478 0 4.45887 -2.00739 0 2.22943 0 0 0 0 0 0 0 0 0 0 0 0 0 0 0
-1.5 0 2.59808 -0.927051 0 2.85317 -1.8541 0 5.70634 0 0 0 0 0 0 0 0 0 0 0 0 0 0 0
-1.8541 0 5.70634 -3 0 5.19615 -1.5 0 2.59808 0 0 0 0 0 0 0 0 0 0 0 0 0 0 0
-0.927051 0 2.85317 -0.313586 0 2.98357 -0.627173 0 5.96713 0 0 0 0 0 0 0 0 0 0 0 0 0 0 0
-0.627173 0 5.96713 -1.8541 0 5.70634 -0.927051 0 2.85317 0 0 0 0 0 0 0 0 0 0 0 0 0 0 0
-0.313585 0 2.98357 0.313587 0 2.98357 0.627173 0 5.96713 0 0 0 0 0 0 0 0 0 0 0 0 0 0 0
0.627173 0 5.96713 -0.62717 0 5.96713 -0.313585 0 2.98357 0 0 0 0 0 0 0 0 0 0 0 0 0 0 0
0.313587 0 2.98357 0.927051 0 2.85317 1.8541 0 5.70634 0 0 0 0 0 0 0 0 0 0 0 0 0 0 0
1.8541 0 5.70634 0.627173 0 5.96713 0.313587 0 2.98357 0 0 0 0 0 0 0 0 0 0 0 0 0 0 0
0.927051 0 2.85317 1.5 0 2.59808 3 0 5.19615 0 0 0 0 0 0 0 0 0 0 0 0 0 0 0
3 0 5.19615 1.8541 0 5.70634 0.927051 0 2.85317 0 0 0 0 0 0 0 0 0 0 0 0 0 0 0
1.5 0 2.59808 2.00739 0 2.22944 4.01478 0 4.45887 0 0 0 0 0 0 0 0 0 0 0 0 0 0 0
4.01478 0 4.45887 3 0 5.19615 1.5 0 2.59808 0 0 0 0 0 0 0 0 0 0 0 0 0 0 0
2.00739 0 2.22943 2.42705 0 1.76335 4.8541 0 3.52671 0 0 0 0 0 0 0 0 0 0 0 0 0 0 0
4.8541 0 3.52671 4.01478 0 4.45887 2.00739 0 2.22943 0 0 0 0 0 0 0 0 0 0 0 0 0 0 0
2.42705 0 1.76335 2.74064 0 1.22021 5.48127 0 2.44042 0 0 0 0 0 0 0 0 0 0 0 0 0 0 0
5.48127 0 2.44042 4.8541 0 3.52671 2.42705 0 1.76335 0 0 0 0 0 0 0 0 0 0 0 0 0 0 0
2.74064 0 1.22021 2.93444 0 0.623735 5.86889 0 1.24747 0 0 0 0 0 0 0 0 0 0 0 0 0 0 0
5.86889 0 1.24747 5.48127 0 2.44042 2.74064 0 1.22021 0 0 0 0 0 0 0 0 0 0 0 0 0 0 0
2.93444 0 0.623735 3 0 9.05975e-07 6 0 1.81195e-06 0 0 0 0 0 0 0 0 0 0 0 0 0 0 0
6 0 1.81195e-06 5.86889 0 1.24747 2.93444 0 0.623735 0 0 0 0 0 0 0 0 0 0 0 0 0 0 0
